,1-Wasserstein_PCA,2-Wasserstein_PCA,Linear_MMD_PCA,Poly_MMD_PCA,RBF_MMD_PCA,KNN identity,KNN identity PCA,precision,recall,density,coverage,precision_PCA,recall_PCA,density_PCA,coverage_PCA,KNN category,KNN category PCA,ct,global_f1
0,17.72330024007145,18.34276015576373,150.1519317626953,47058.29296875,1.0134789943695068,0.33877551020408164,1.0,0.0963855421686747,0.22784810126582278,0.1493975903614458,0.8481012658227848,0.08433734939759036,0.0,0.008433734939759036,0.02531645569620253,0.0,0.07801418439716312,CD56 (bright) NK cells,0.02012763868433972
1,17.255407549022042,17.90753005865546,175.0734405517578,44614.50390625,1.0130298137664795,0.7112223393045312,1.0,0.10377358490566038,0.23711340206185566,0.6367924528301887,1.0,0.8301886792452831,0.0,0.08301886792452831,0.010309278350515464,0.0,0.009345794392523364,CD56 (dim) NK cells,0.02012763868433972
2,17.797062919253396,18.783532492001314,99.47515106201172,25691.3828125,1.1996512413024902,0.38416422287390034,1.0,0.47619047619047616,0.7619047619047619,0.8095238095238095,1.0,1.0,0.0,0.6714285714285715,0.5714285714285714,0.0,0.0,MAIT T cells,0.02012763868433972
3,18.004230136484786,18.94633087293377,140.1172637939453,79529.2734375,0.71291184425354,0.34557512246989547,1.0,0.007874015748031496,0.07103825136612021,0.06902887139107612,0.5245901639344263,0.8083989501312336,0.0,0.0984251968503937,0.03551912568306011,0.0,0.49064171122994654,classical monocytes,0.02012763868433972
4,23.60780040486858,25.84024624375554,227.57147216796875,290896.53125,0.9476969242095947,0.4703711469909835,1.0,0.06741573033707865,0.23809523809523808,0.22808988764044946,0.9880952380952381,1.0,0.0,1.21123595505618,0.2619047619047619,0.0,0.0,effector CD8 T cells,0.02012763868433972
5,18.832705393579392,19.871456137370977,142.0223846435547,83623.234375,0.7554121017456055,0.3181818181818182,1.0,0.022388059701492536,0.15894039735099338,0.12388059701492538,0.9668874172185431,0.9925373134328358,0.0,0.2417910447761194,0.08609271523178808,0.0,0.15284974093264247,intermediate monocytes,0.02012763868433972
6,16.632932610610318,17.53555714115293,112.77859497070312,112849.953125,0.7505414485931396,0.3448770002388345,0.9762841407215915,0.25471698113207547,0.1523809523809524,1.0452830188679245,1.0,0.9056603773584906,0.0,0.6481132075471698,0.24761904761904763,0.0,0.49763033175355453,memory B cells,0.02012763868433972
7,17.1266189611854,18.170820225057117,102.5167465209961,40417.9140625,0.7801692485809326,0.33199999999999996,1.0,0.002976190476190476,0.18674698795180722,0.03571428571428572,0.3614457831325301,0.9285714285714286,0.0,0.31845238095238093,0.04819277108433735,0.4992548435171386,0.4909090909090909,memory CD4 T cells,0.02012763868433972
8,19.20837345658516,20.40971251047174,27.540014266967773,150817.21875,0.7741830348968506,0.7,0.9711670480549199,0.44642857142857145,0.32653061224489793,0.7053571428571429,1.0,1.0,0.0,1.0571428571428572,0.6122448979591837,0.0,0.22549019607843138,myeloid DC,0.02012763868433972
9,15.760723328259761,16.32039281994866,108.53338623046875,63659.25,0.8797154426574707,0.34104046242774566,1.0,0.3050847457627119,0.2,1.3322033898305086,1.0,0.9830508474576272,0.0,0.2457627118644068,0.14545454545454545,0.0,0.12037037037037036,naive B cells,0.02012763868433972
10,16.841907134421962,18.093196492374517,120.35540008544922,48393.33984375,0.818880558013916,0.33214709371293,1.0,0.007067137809187279,0.1,0.09929328621908128,1.0,0.8515901060070671,0.0,0.19328621908127208,0.014285714285714285,0.0035211267605633804,0.2686357243319269,naive CD4 T cells,0.02012763868433972
11,17.235429795632513,18.29672166143763,127.25211334228516,52229.546875,0.8518579006195068,0.32930590076406147,1.0,0.0036363636363636364,0.09868421052631579,0.025090909090909094,0.22697368421052633,0.4,0.0,0.05309090909090909,0.006578947368421052,0.0,0.2740899357601713,naive CD8 T cells,0.02012763868433972
12,16.885331793626147,17.96416009457989,176.22325134277344,88404.859375,0.768700122833252,0.32608695652173914,1.0,0.3,0.234375,1.1783333333333335,1.0,0.9333333333333333,0.0,0.09833333333333333,0.046875,0.0,0.2196261682242991,non-classical monocytes,0.02012763868433972
13,17.655910536825804,18.293983728692183,148.35220336914062,46886.02734375,1.003600835800171,0.49265569917743834,1.0,0.07692307692307693,0.3037974683544304,0.22692307692307692,0.9873417721518988,0.11538461538461539,0.0,0.011538461538461539,0.02531645569620253,0.0,0.08239700374531836,CD56 (bright) NK cells,0.02012763868433972
14,17.28018896055211,17.916267616111373,175.68460083007812,44875.59765625,1.0163812637329102,0.6926295461860315,1.0,0.11702127659574468,0.25773195876288657,0.3829787234042554,1.0,0.8404255319148937,0.0,0.08404255319148937,0.010309278350515464,0.0,0.0,CD56 (dim) NK cells,0.02012763868433972
15,17.60538005828857,18.59924880863068,91.96623992919922,25196.5234375,1.157979965209961,0.3333333333333333,1.0,0.2857142857142857,0.8571428571428571,0.6000000000000001,1.0,1.0,0.0,0.7190476190476192,0.6190476190476191,0.0,0.0,MAIT T cells,0.02012763868433972
16,18.02807022356799,18.978517061535285,138.00758361816406,76992.96875,0.7213199138641357,0.3357271095152603,1.0,0.0053475935828877,0.07103825136612021,0.08796791443850267,0.8934426229508197,0.8235294117647058,0.0,0.09973262032085561,0.03278688524590164,0.0,0.32558139534883723,classical monocytes,0.02012763868433972
17,23.661859841573808,25.876366827759792,230.65940856933594,291166.28125,0.9417493343353271,0.6116071428571429,1.0,0.07142857142857142,0.19047619047619047,0.22976190476190475,0.9880952380952381,0.9880952380952381,0.0,1.1523809523809525,0.25,0.0,0.0,effector CD8 T cells,0.02012763868433972
18,18.81494073678327,19.829787179661924,144.046630859375,89518.0,0.7476911544799805,0.36210934693584307,1.0,0.052980132450331126,0.11258278145695365,0.3920529801324504,1.0,0.9867549668874173,0.0,0.23311258278145697,0.09271523178807947,0.0,0.15990990990990991,intermediate monocytes,0.02012763868433972
19,16.305982382083045,17.19986942941552,111.05535125732422,113533.8984375,0.7385010719299316,0.3469339622641509,0.9859043081199126,0.37962962962962965,0.09523809523809523,1.4657407407407408,1.0,0.9814814814814815,0.0,0.7601851851851853,0.2571428571428571,0.0,1.0,memory B cells,0.02012763868433972
20,17.139114100614414,18.174019590102795,102.18193054199219,40409.66796875,0.782468318939209,0.32936507936507936,1.0,0.0029069767441860465,0.14457831325301204,0.07209302325581395,0.7469879518072289,0.9331395348837209,0.0,0.32470930232558143,0.05421686746987952,1.0,0.4941176470588235,memory CD4 T cells,0.02012763868433972
21,19.105434993202476,20.302588167010907,11.330803871154785,152220.59375,0.7862012386322021,0.9032258064516128,0.967727009832273,0.5454545454545454,0.1836734693877551,1.5113636363636365,1.0,1.0,0.0,1.1409090909090909,0.673469387755102,0.0,0.30894308943089427,myeloid DC,0.02012763868433972
22,15.491352239117965,16.080520483469336,101.03553771972656,61449.6484375,0.8457272052764893,0.34104046242774566,1.0,0.4915254237288136,0.21818181818181817,1.5050847457627121,1.0,0.9661016949152542,0.0,0.2745762711864407,0.16363636363636364,0.0,0.10666666666666667,naive B cells,0.02012763868433972
23,16.909053171627125,18.164575334193422,120.77574920654297,49358.30859375,0.8256795406341553,0.3373493975903614,1.0,0.0,0.11785714285714285,0.0,0.0,0.9111111111111111,0.0,0.2,0.014285714285714285,0.0,0.24999999999999997,naive CD4 T cells,0.02012763868433972
24,17.231291148944038,18.2977569016773,122.24903106689453,50781.2890625,0.8499605655670166,0.6860651540714999,1.0,0.0,0.12171052631578948,0.0,0.0,0.44932432432432434,0.0,0.058108108108108104,0.006578947368421052,0.0,0.2696177062374246,naive CD8 T cells,0.02012763868433972
25,16.942475900053978,17.984975219838876,174.74757385253906,85885.359375,0.7627201080322266,0.3333333333333333,1.0,0.328125,0.21875,1.26875,1.0,0.953125,0.0,0.10625000000000001,0.0625,0.0,0.20909090909090908,non-classical monocytes,0.02012763868433972
26,17.641238971805464,18.273902518097568,147.9472198486328,47969.87890625,1.0249803066253662,0.6536382536382537,1.0,0.04054054054054054,0.2911392405063291,0.19054054054054056,1.0,0.0945945945945946,0.0,0.00945945945945946,0.0379746835443038,0.0,0.14942528735632185,CD56 (bright) NK cells,0.02012763868433972
27,17.298454550818875,17.939658394138014,177.16925048828125,44544.04296875,1.0053136348724365,0.846875,1.0,0.09090909090909091,0.23711340206185566,0.397979797979798,1.0,0.7474747474747475,0.0,0.07474747474747476,0.010309278350515464,0.0,0.0,CD56 (dim) NK cells,0.02012763868433972
28,17.86865815423186,18.860489505499103,99.36449432373047,26300.4296875,1.2100048065185547,0.45117029862792574,1.0,0.3684210526315789,0.9047619047619048,0.5631578947368422,1.0,1.0,0.0,0.6368421052631579,0.6190476190476191,0.0,0.0,MAIT T cells,0.02012763868433972
29,18.023827909800655,18.985770230484597,136.2056884765625,74835.8671875,0.7129600048065186,0.3321100917431193,1.0,0.0027624309392265192,0.08743169398907104,0.09337016574585635,0.9234972677595629,0.8149171270718232,0.0,0.09861878453038675,0.03551912568306011,0.0,0.3243498817966903,classical monocytes,0.02012763868433972
30,23.607394791905538,25.846476729170522,231.2869873046875,291239.84375,0.9519691467285156,0.34558823529411764,1.0,0.0851063829787234,0.19047619047619047,0.43723404255319154,1.0,0.9893617021276596,0.0,1.1840425531914895,0.25,0.0,0.0,effector CD8 T cells,0.02012763868433972
31,18.848111236597333,19.872155951282064,138.81483459472656,82851.921875,0.7518148422241211,0.33694896398275626,1.0,0.043795620437956206,0.11920529801324503,0.1854014598540146,1.0,0.9854014598540146,0.0,0.25474452554744526,0.08609271523178808,0.0,0.1317204301075269,intermediate monocytes,0.02012763868433972
32,16.657314422770376,17.488227676521443,120.50453186035156,119080.546875,0.7656075954437256,0.34591194968553457,0.9811169502093169,0.308411214953271,0.09523809523809523,1.2018691588785047,1.0,0.9626168224299065,0.0,0.6831775700934579,0.2571428571428571,0.0,0.330188679245283,memory B cells,0.02012763868433972
33,17.1377708112146,18.175071278123802,103.15253448486328,40737.37890625,0.7800140380859375,0.33467741935483875,1.0,0.0,0.1566265060240964,0.0,0.0,0.9298780487804879,0.0,0.31890243902439025,0.04819277108433735,1.0,0.325,memory CD4 T cells,0.02012763868433972
34,18.959288319487452,20.143833748334302,22.194366455078125,144007.625,0.7527186870574951,0.7031185031185031,0.9704490584258811,0.4528301886792453,0.24489795918367346,1.3849056603773586,1.0,1.0,0.0,1.1018867924528302,0.7346938775510204,0.0,0.32026143790849676,myeloid DC,0.02012763868433972
35,15.251819229734375,15.863350267097966,91.94483184814453,58551.4609375,0.8271572589874268,0.65,1.0,0.43859649122807015,0.23636363636363636,1.4350877192982456,1.0,0.9824561403508771,0.0,0.2543859649122807,0.12727272727272726,0.0,0.16176470588235295,naive B cells,0.02012763868433972
36,16.876888502450168,18.155522622324757,121.93726348876953,48503.0703125,0.8303914070129395,0.3329369797859691,1.0,0.0,0.12857142857142856,0.0,0.0,0.9074733096085409,0.0,0.20035587188612103,0.014285714285714285,0.0,0.188470066518847,naive CD4 T cells,0.02012763868433972
37,17.284212076280323,18.351560736756667,124.5973892211914,50192.17578125,0.8490145206451416,0.49718717847249705,1.0,0.0,0.11513157894736842,0.0,0.0,0.3980891719745223,0.0,0.051273885350318474,0.006578947368421052,0.0,0.19865642994241842,naive CD8 T cells,0.02012763868433972
38,17.03388537466526,18.128940943717183,174.2913818359375,87279.5625,0.7737207412719727,0.32978723404255317,1.0,0.27419354838709675,0.359375,0.7467741935483871,1.0,0.9516129032258065,0.0,0.1032258064516129,0.078125,0.0,0.21818181818181817,non-classical monocytes,0.02012763868433972
