,1-Wasserstein_PCA,2-Wasserstein_PCA,Linear_MMD_PCA,Poly_MMD_PCA,KNN identity,KNN identity PCA,precision,recall,density,coverage,precision_PCA,recall_PCA,density_PCA,coverage_PCA,KNN category,KNN category PCA,ct,global_f1
0,13.986441479453557,14.040661884859722,181.60861206054688,69509.5546875,0.4633152173913043,1.0,0.5443037974683544,0.8734177215189873,0.3924050632911393,0.9367088607594937,0.0,0.0,0.0,0.0,0.29314420803782504,0.4697986577181208,CD56 (bright) NK cells,0.6876252469983591
1,13.96281056551589,14.014484536372787,183.1677703857422,49072.765625,0.553612517257248,1.0,0.4742268041237113,0.8350515463917526,0.5268041237113402,0.9896907216494846,0.0,0.0,0.0,0.0,0.232662192393736,0.41566265060240964,CD56 (dim) NK cells,0.6876252469983591
2,13.449483008611766,13.499588813776644,160.8580780029297,28125.12109375,0.6888888888888889,1.0,0.8571428571428571,0.9523809523809523,0.8904761904761905,1.0,0.0,0.0,0.0,0.0,0.0,0.0,MAIT T cells,0.6876252469983591
3,13.500580860617378,13.58374165185956,166.5270233154297,223299.65625,0.7081006397163307,1.0,0.6366120218579235,0.8524590163934426,0.3773224043715847,0.9289617486338798,0.0,0.0,0.0,0.0,0.1844532279314888,0.49656121045392027,classical monocytes,0.6876252469983591
4,13.724715596153615,13.796506802638156,163.05453491210938,26764.212890625,0.8273258904837852,1.0,0.7261904761904762,0.5119047619047619,0.9178571428571429,1.0,0.0,0.0,0.0,0.0,0.18888888888888886,0.3166666666666667,effector CD8 T cells,0.6876252469983591
5,12.696511843346599,12.774082572296596,143.22500610351562,181523.6875,0.5005226319480279,1.0,0.5165562913907285,0.9205298013245033,0.22913907284768215,0.8211920529801324,0.0,0.0,0.0,0.0,0.2396551724137931,0.45683453237410065,intermediate monocytes,0.6876252469983591
6,13.928285108293801,13.971306870502813,182.78118896484375,83273.671875,0.8084116412736064,1.0,0.44761904761904764,0.8380952380952381,0.26857142857142857,0.8952380952380953,0.0,0.0,0.0,0.0,1.0,1.0,memory B cells,0.6876252469983591
7,14.069841835872236,14.11988415469042,184.42518615722656,27487.162109375,0.763731642621466,1.0,0.29819277108433734,0.7048192771084337,0.35240963855421686,0.9397590361445783,0.0,0.0,0.0,0.0,0.30910070005385026,0.49924585218702866,memory CD4 T cells,0.6876252469983591
8,12.49777930123465,12.613242279034385,130.6143798828125,133359.21875,0.3556164383561644,1.0,0.7755102040816326,0.9387755102040817,0.363265306122449,0.8775510204081632,0.0,0.0,0.0,0.0,0.43678160919540227,0.20657276995305163,myeloid DC,0.6876252469983591
9,14.092200261896306,14.12922094472439,183.52658081054688,93917.9375,0.35322299651567945,1.0,0.6181818181818182,0.8727272727272727,0.3581818181818182,0.9090909090909091,0.0,0.0,0.0,0.0,0.11290322580645161,0.27631578947368424,naive B cells,0.6876252469983591
10,14.321921883310587,14.359577757110896,192.2008819580078,22371.833984375,0.454520358868185,1.0,0.275,0.725,0.3035714285714286,0.9714285714285714,0.0,0.0,0.0,0.0,0.26523297491039427,0.017241379310344824,naive CD4 T cells,0.6876252469983591
11,14.010226767314107,14.046768742826037,186.26744079589844,23169.935546875,0.5921243024532588,1.0,0.3190789473684211,0.7763157894736842,0.28848684210526315,0.9407894736842105,0.0,0.0,0.0,0.0,0.32374506486181615,0.18,naive CD8 T cells,0.6876252469983591
12,12.3076012134552,12.371211483500252,137.69744873046875,151211.59375,0.3333333333333333,1.0,0.359375,0.984375,0.1203125,0.625,0.0,0.0,0.0,0.0,0.49206349206349204,0.2727272727272727,non-classical monocytes,0.6876252469983591
13,13.932769188514122,14.00208334041206,176.47352600097656,121207.6171875,0.48468468468468473,1.0,0.9230769230769231,0.9230769230769231,0.7153846153846155,1.0,0.0,0.0,0.0,0.0,1.0,0.48000000000000004,plasmacytoid DC,0.6876252469983591
14,14.259169385403016,14.310265428051265,189.35287475585938,73752.71875,0.4088978766430738,1.0,0.5822784810126582,0.8607594936708861,0.2962025316455696,0.8987341772151899,0.0,0.0,0.0,0.0,0.29836829836829837,0.44366197183098594,CD56 (bright) NK cells,0.6876252469983591
15,13.893677436199381,13.939812468069793,180.29518127441406,48888.3125,0.3881804470039764,1.0,0.4845360824742268,0.7628865979381443,0.534020618556701,0.9896907216494846,0.0,0.0,0.0,0.0,0.39375000000000004,0.4640883977900553,CD56 (dim) NK cells,0.6876252469983591
16,14.229086058480398,14.281500269294934,176.26329040527344,30310.22265625,0.8055555555555556,1.0,0.9523809523809523,0.9523809523809523,0.6190476190476191,1.0,0.0,0.0,0.0,0.0,0.0,0.0,MAIT T cells,0.6876252469983591
17,13.41259423500853,13.492332402605177,164.60226440429688,220276.078125,0.71897560747226,1.0,0.6721311475409836,0.8797814207650273,0.3434426229508197,0.912568306010929,0.0,0.0,0.0,0.0,0.26506024096385544,0.49377593360995853,classical monocytes,0.6876252469983591
18,14.000215700694492,14.073431062018493,171.21542358398438,28906.79296875,0.783225806451613,1.0,0.6785714285714286,0.6071428571428571,0.6845238095238095,0.9761904761904762,0.0,0.0,0.0,0.0,0.16338028169014085,0.29333333333333333,effector CD8 T cells,0.6876252469983591
19,12.58587910481637,12.664351151399364,139.33331298828125,177333.65625,0.5546402237477752,1.0,0.5231788079470199,0.9403973509933775,0.204635761589404,0.8079470198675497,0.0,0.0,0.0,0.0,0.3171296296296296,0.4528985507246377,intermediate monocytes,0.6876252469983591
20,13.944770812988281,13.99353387683962,181.01502990722656,82346.1171875,0.7931697931697932,1.0,0.41904761904761906,0.8380952380952381,0.24761904761904763,0.8761904761904762,0.0,0.0,0.0,0.0,1.0,1.0,memory B cells,0.6876252469983591
21,13.93490681016301,13.982967992660308,181.19100952148438,26723.6796875,0.6241634942897215,1.0,0.39759036144578314,0.6536144578313253,0.5162650602409639,1.0,0.0,0.0,0.0,0.0,0.3164556962025316,1.0,memory CD4 T cells,0.6876252469983591
22,12.402227537972585,12.50769936244028,132.7101593017578,129970.7890625,0.3771467207572684,1.0,0.8979591836734694,0.9591836734693877,0.25918367346938775,0.8163265306122449,0.0,0.0,0.0,0.0,0.4431818181818182,0.22522522522522526,myeloid DC,0.6876252469983591
23,14.557941783558237,14.602785367815645,196.34841918945312,101905.40625,0.3912303107705406,1.0,0.509090909090909,0.9090909090909091,0.2781818181818182,0.9636363636363636,0.0,0.0,0.0,0.0,0.09836065573770492,0.12745098039215688,naive B cells,0.6876252469983591
24,14.343215516635352,14.381265260107238,194.5925750732422,22764.80859375,0.430165323883974,1.0,0.2785714285714286,0.7178571428571429,0.3557142857142857,0.9607142857142857,0.0,0.0,0.0,0.0,0.2617498192335503,0.02054794520547945,naive CD4 T cells,0.6876252469983591
25,13.945360955439119,13.985013191356614,183.79441833496094,22764.83203125,0.6082474226804123,1.0,0.3519736842105263,0.7171052631578947,0.4588815789473684,0.9868421052631579,0.0,0.0,0.0,0.0,0.32662192393736017,0.13449781659388646,naive CD8 T cells,0.6876252469983591
26,12.41720698773861,12.478163523892787,138.09059143066406,153377.5,0.3333333333333333,1.0,0.34375,0.96875,0.10312500000000001,0.46875,0.0,0.0,0.0,0.0,0.49206349206349204,0.21951219512195122,non-classical monocytes,0.6876252469983591
27,13.907074488126314,13.966688664106611,179.0230712890625,123383.046875,0.48468468468468473,1.0,1.0,0.9230769230769231,0.7769230769230769,1.0,0.0,0.0,0.0,0.0,1.0,1.0,plasmacytoid DC,0.6876252469983591
28,14.005626255952867,14.057069476839349,181.58197021484375,68260.984375,0.3872485650757536,1.0,0.6075949367088608,0.8607594936708861,0.40126582278481016,0.9493670886075949,0.0,0.0,0.0,0.0,0.2736318407960199,0.3059360730593607,CD56 (bright) NK cells,0.6876252469983591
29,14.045174293911336,14.098687710295035,182.69073486328125,49594.640625,0.3668055555555556,1.0,0.5051546391752577,0.7731958762886598,0.609278350515464,1.0,0.0,0.0,0.0,0.0,0.3576158940397351,0.4519774011299435,CD56 (dim) NK cells,0.6876252469983591
30,14.44635913485572,14.493883468341451,183.18856811523438,33825.83203125,0.5906432748538012,1.0,0.7619047619047619,0.7142857142857143,0.9095238095238095,1.0,0.0,0.0,0.0,0.0,0.0,0.0,MAIT T cells,0.6876252469983591
31,13.540638054654893,13.62358378960238,168.29940795898438,225647.875,0.7240251741360388,1.0,0.6174863387978142,0.855191256830601,0.3704918032786886,0.9316939890710383,0.0,0.02185792349726776,0.0,0.0,0.1928802588996764,0.49586776859504134,classical monocytes,0.6876252469983591
32,13.971368517194472,14.032208107256341,170.04281616210938,28558.1796875,0.6980523053222316,1.0,0.6309523809523809,0.6904761904761905,0.6178571428571429,0.9880952380952381,0.0,0.0,0.0,0.0,0.16986301369863016,0.3231083844580777,effector CD8 T cells,0.6876252469983591
33,12.59063299444338,12.674329023485923,138.11468505859375,177690.296875,0.4413461406706039,1.0,0.5562913907284768,0.9271523178807947,0.19933774834437087,0.7947019867549668,0.006622516556291391,0.0,0.0006622516556291391,0.006622516556291391,0.31468531468531474,0.4645390070921986,intermediate monocytes,0.6876252469983591
34,13.748309989202596,13.79232559002031,175.4486541748047,79306.7578125,0.7806340267054228,1.0,0.49523809523809526,0.8285714285714286,0.3961904761904762,0.9809523809523809,0.0,0.0,0.0,0.0,1.0,1.0,memory B cells,0.6876252469983591
35,14.133164362735064,14.185606973992318,185.02685546875,28265.0625,0.7314501763187553,1.0,0.4126506024096386,0.6927710843373494,0.42650602409638555,0.9789156626506024,0.0,0.0,0.0,0.0,0.3202921231090245,1.0,memory CD4 T cells,0.6876252469983591
36,12.26430791738082,12.382959407877262,123.47637176513672,118662.40625,0.3556164383561644,1.0,0.8571428571428571,0.9183673469387755,0.25306122448979596,0.7142857142857143,0.0,0.0,0.0,0.0,0.2911877394636015,0.2191780821917808,myeloid DC,0.6876252469983591
37,14.46308737668124,14.516941526971042,194.59458923339844,101933.1640625,0.3333333333333333,1.0,0.4,0.9090909090909091,0.2981818181818182,0.9818181818181818,0.0,0.0,0.0,0.0,0.1791044776119403,0.26666666666666666,naive B cells,0.6876252469983591
38,14.37969962188176,14.42220939245019,196.1357879638672,22754.35546875,0.46541164638913224,1.0,0.2785714285714286,0.7142857142857143,0.4089285714285715,0.95,0.0,0.0,0.0,0.0,0.2711864406779661,0.01388888888888889,naive CD4 T cells,0.6876252469983591
39,13.902858156906923,13.942815737938767,182.9945068359375,23041.71484375,0.5217679006180161,1.0,0.34868421052631576,0.6710526315789473,0.4467105263157895,0.9868421052631579,0.0,0.0,0.0,0.0,0.32374506486181615,0.17932489451476794,naive CD8 T cells,0.6876252469983591
40,12.149990275502205,12.209351908318013,135.3429412841797,146707.3125,0.3333333333333333,1.0,0.28125,0.984375,0.1015625,0.609375,0.0,0.0,0.0,0.0,1.0,0.2558139534883721,non-classical monocytes,0.6876252469983591
41,14.112730319683369,14.17226533802724,177.3533172607422,119980.6171875,0.3333333333333333,1.0,1.0,1.0,0.5923076923076923,1.0,0.0,0.0,0.0,0.0,1.0,0.4347826086956522,plasmacytoid DC,0.6876252469983591
