,1-Wasserstein_PCA,2-Wasserstein_PCA,Linear_MMD_PCA,Poly_MMD_PCA,KNN identity,KNN identity PCA,precision,recall,density,coverage,precision_PCA,recall_PCA,density_PCA,coverage_PCA,KNN category,KNN category PCA,ct,global_f1
0,18.850151122370853,19.39033695181666,178.55831909179688,48654.1875,0.3333333333333333,1.0,0.0,0.0,0.0,0.0,0.0,0.0,0.0,0.0,0.4903225806451613,0.0,CD56 (bright) NK cells,0.04758133363504521
1,17.931769921607586,18.54844275678895,189.3686981201172,45311.625,0.3333333333333333,1.0,0.0,0.0,0.0,0.0,0.020618556701030927,0.0,0.002061855670103093,0.010309278350515464,0.0,0.0,CD56 (dim) NK cells,0.04758133363504521
2,18.358930315290173,19.287897272371243,105.14006042480469,26108.546875,0.3333333333333333,0.9522727272727273,0.0,0.0,0.0,0.0,1.0,0.0,0.7619047619047619,0.38095238095238093,0.0,0.0,MAIT T cells,0.04758133363504521
3,20.759556374263234,21.490993829359123,209.15438842773438,115540.1328125,0.3333333333333333,1.0,0.0,0.0,0.0,0.0,0.0,0.0,0.0,0.0,0.0,0.18253968253968253,classical monocytes,0.04758133363504521
4,24.483991656984603,26.898575874024285,261.79852294921875,294976.8125,0.3333333333333333,1.0,0.0,0.0,0.0,0.0,1.0,0.0,1.155952380952381,0.15476190476190477,0.0,0.0,effector CD8 T cells,0.04758133363504521
5,21.7060403950167,22.533606172112176,226.43380737304688,137338.90625,0.3333333333333333,1.0,0.0,0.0,0.0,0.0,0.3708609271523179,0.0,0.0490066225165563,0.019867549668874173,0.0,0.0,intermediate monocytes,0.04758133363504521
6,20.823431841532386,21.35860855460746,252.60214233398438,164505.609375,0.3333333333333333,1.0,0.0,0.0,0.0,0.0,1.0,0.0,1.360952380952381,0.17142857142857143,0.0,0.13223140495867772,memory B cells,0.04758133363504521
7,17.452873609152196,18.512128712921175,99.71288299560547,41354.80078125,0.3333333333333333,1.0,0.0,0.0,0.0,0.0,0.9909638554216867,0.0,0.2177710843373494,0.012048192771084338,1.0,0.49924585218702866,memory CD4 T cells,0.04758133363504521
8,23.857524502034085,25.063289577283932,213.29649353027344,268360.125,0.3333333333333333,1.0,0.46938775510204084,0.0,0.989795918367347,1.0,1.0,0.0,1.5244897959183674,0.46938775510204084,0.0,0.08333333333333333,myeloid DC,0.04758133363504521
9,18.12328709689053,18.506471751306538,175.1319122314453,82241.1015625,0.3333333333333333,1.0,0.0,0.0,0.0,0.0,1.0,0.0,0.3145454545454546,0.07272727272727272,0.0,0.0,naive B cells,0.04758133363504521
10,17.211585256031572,18.4932759131524,121.69281005859375,49456.03125,0.3333333333333333,1.0,0.0,0.0,0.0,0.0,0.9785714285714285,0.0,0.1925,0.007142857142857143,0.0,0.0,naive CD4 T cells,0.04758133363504521
11,17.99968291897523,19.08620401100176,137.80581665039062,51906.22265625,0.3333333333333333,1.0,0.0,0.0,0.0,0.0,0.9605263157894737,0.0,0.09605263157894738,0.003289473684210526,0.0,0.0,naive CD8 T cells,0.04758133363504521
12,20.545839548110962,20.990721537459045,277.6883544921875,133796.296875,0.3333333333333333,1.0,0.109375,0.0,0.1609375,0.859375,1.0,0.0,0.5828125000000001,0.109375,0.0,0.0,non-classical monocytes,0.04758133363504521
13,27.848923169649563,28.65040305370456,149.33139038085938,388479.71875,0.3333333333333333,0.8830584707646177,0.6153846153846154,0.23076923076923078,0.4461538461538462,1.0,1.0,0.0,1.2923076923076924,1.0,0.0,0.0,plasmacytoid DC,0.04758133363504521
14,18.78061401994923,19.306922860210413,175.78465270996094,48693.1328125,0.3333333333333333,1.0,0.0,0.0,0.0,0.0,0.0,0.0,0.0,0.0,0.4968152866242039,0.0,CD56 (bright) NK cells,0.04758133363504521
15,17.91017009302513,18.53973689331711,188.97088623046875,45312.5,0.3333333333333333,1.0,0.0,0.0,0.0,0.0,0.010309278350515464,0.0,0.0010309278350515464,0.010309278350515464,0.0,0.0,CD56 (dim) NK cells,0.04758133363504521
16,18.518187613714307,19.414431320302583,112.61956787109375,26057.568359375,0.3333333333333333,0.9522727272727273,0.0,0.0,0.0,0.0,1.0,0.0,0.7190476190476192,0.38095238095238093,0.0,0.0,MAIT T cells,0.04758133363504521
17,20.72683426070083,21.468326417536495,209.0682830810547,115544.078125,0.3333333333333333,1.0,0.0,0.0,0.0,0.0,0.0,0.0,0.0,0.0,0.0,0.19195849546044097,classical monocytes,0.04758133363504521
18,24.47754463695344,26.88092261667562,261.0417175292969,294978.09375,0.3333333333333333,1.0,0.0,0.0,0.0,0.0,1.0,0.0,1.1773809523809524,0.15476190476190477,0.0,0.0,effector CD8 T cells,0.04758133363504521
19,21.744892770880888,22.567961525839454,231.86708068847656,137987.234375,0.3333333333333333,1.0,0.0,0.0,0.0,0.0,0.39072847682119205,0.0,0.050993377483443715,0.019867549668874173,0.0,0.0,intermediate monocytes,0.04758133363504521
20,20.74386645725795,21.28973918348985,248.50511169433594,163959.984375,0.3333333333333333,1.0,0.0,0.0,0.0,0.0,1.0,0.0,1.3638095238095238,0.17142857142857143,0.0,0.17968749999999997,memory B cells,0.04758133363504521
21,17.456414912120422,18.514899212577443,99.75099182128906,41355.03515625,0.3333333333333333,1.0,0.0,0.0,0.0,0.0,0.9879518072289156,0.0,0.22710843373493975,0.012048192771084338,0.4984894259818731,1.0,memory CD4 T cells,0.04758133363504521
22,23.657750577342753,24.915001891155626,206.7374725341797,268065.84375,0.3333333333333333,1.0,0.2857142857142857,0.0,0.7102040816326531,1.0,1.0,0.0,1.6040816326530614,0.46938775510204084,0.0,0.125,myeloid DC,0.04758133363504521
23,18.229681587219236,18.60847154780893,180.51992797851562,82754.2109375,0.3333333333333333,1.0,0.0,0.0,0.0,0.0,1.0,0.0,0.3018181818181818,0.07272727272727272,0.0,0.0,naive B cells,0.04758133363504521
24,17.214388145719244,18.499153051541434,121.92462158203125,49452.921875,0.3333333333333333,1.0,0.0,0.0,0.0,0.0,0.9857142857142858,0.0,0.1917857142857143,0.007142857142857143,0.0,0.0,naive CD4 T cells,0.04758133363504521
25,17.989701264782973,19.080448360558528,137.46363830566406,51890.328125,0.3333333333333333,1.0,0.0,0.0,0.0,0.0,0.944078947368421,0.0,0.09440789473684211,0.003289473684210526,0.0,0.0,naive CD8 T cells,0.04758133363504521
26,20.640288800001144,21.075333768887297,282.3096923828125,134333.75,0.3333333333333333,1.0,0.078125,0.0,0.05,0.203125,1.0,0.0,0.5890625,0.109375,0.0,0.0,non-classical monocytes,0.04758133363504521
27,27.75311103233925,28.539574702835885,139.65965270996094,387711.09375,0.3333333333333333,0.8830584707646177,0.6153846153846154,0.23076923076923078,0.6307692307692307,1.0,1.0,0.0,1.2846153846153847,1.0,0.0,0.0,plasmacytoid DC,0.04758133363504521
28,18.77327490456497,19.30192213161345,175.45498657226562,48682.82421875,0.3333333333333333,1.0,0.0,0.0,0.0,0.0,0.0,0.0,0.0,0.0,0.4935897435897436,0.0,CD56 (bright) NK cells,0.04758133363504521
29,17.894591941046965,18.510248916042578,187.6143341064453,45347.21875,0.3333333333333333,1.0,0.0,0.0,0.0,0.0,0.010309278350515464,0.0,0.0010309278350515464,0.010309278350515464,0.0,0.0,CD56 (dim) NK cells,0.04758133363504521
30,18.452021507989794,19.398469057571948,111.49272155761719,25939.27734375,0.3333333333333333,0.9522727272727273,0.0,0.0,0.0,0.0,1.0,0.0,0.7380952380952381,0.38095238095238093,0.0,0.0,MAIT T cells,0.04758133363504521
31,20.713073787793416,21.453672277908293,208.1986083984375,115572.078125,0.3333333333333333,1.0,0.0,0.0,0.0,0.0,0.0,0.0,0.0,0.0,0.0,0.2010178117048346,classical monocytes,0.04758133363504521
32,24.47769717943102,26.883635614403143,261.310302734375,295015.59375,0.3333333333333333,1.0,0.0,0.0,0.0,0.0,1.0,0.0,1.1523809523809525,0.15476190476190477,0.0,0.0,effector CD8 T cells,0.04758133363504521
33,21.82606196877183,22.630267796456597,233.97483825683594,138554.171875,0.3333333333333333,1.0,0.0,0.0,0.0,0.0,0.2980132450331126,0.0,0.03841059602649007,0.019867549668874173,0.0,0.0,intermediate monocytes,0.04758133363504521
34,20.773310615902847,21.314546036150222,250.82424926757812,164183.703125,0.3333333333333333,1.0,0.0,0.0,0.0,0.0,1.0,0.0,1.3390476190476193,0.17142857142857143,0.0,0.1984732824427481,memory B cells,0.04758133363504521
35,17.449273362217177,18.506453701077287,99.52265930175781,41352.2109375,0.3333333333333333,1.0,0.0,0.0,0.0,0.0,0.9849397590361446,0.0,0.22168674698795182,0.012048192771084338,0.4984894259818731,0.49924585218702866,memory CD4 T cells,0.04758133363504521
36,23.88983744017931,25.084533241293798,215.06959533691406,267987.4375,0.3333333333333333,1.0,0.42857142857142855,0.0,1.4306122448979592,1.0,1.0,0.0,1.463265306122449,0.46938775510204084,0.0,0.0935672514619883,myeloid DC,0.04758133363504521
37,18.078379232233225,18.470667701845713,175.53977966308594,82224.484375,0.3333333333333333,1.0,0.0,0.0,0.0,0.0,1.0,0.0,0.3018181818181818,0.07272727272727272,0.0,0.0,naive B cells,0.04758133363504521
38,17.207592003686077,18.490454791014674,121.47626495361328,49457.15234375,0.3333333333333333,1.0,0.0,0.0,0.0,0.0,0.9785714285714285,0.0,0.19321428571428573,0.007142857142857143,0.0,0.0,naive CD4 T cells,0.04758133363504521
39,17.989552871177064,19.076820308204663,137.43350219726562,51905.66796875,0.3333333333333333,1.0,0.0,0.0,0.0,0.0,0.9572368421052632,0.0,0.09572368421052632,0.003289473684210526,0.0,0.0,naive CD8 T cells,0.04758133363504521
40,20.52435877919197,20.973695663526357,277.61029052734375,134041.28125,0.3333333333333333,1.0,0.078125,0.0,0.19687500000000002,0.890625,1.0,0.0,0.6000000000000001,0.109375,0.0,0.0,non-classical monocytes,0.04758133363504521
41,27.665865384615383,28.454054519849006,138.5190887451172,386872.65625,0.3333333333333333,0.8830584707646177,0.6923076923076923,0.07692307692307693,0.5692307692307693,1.0,1.0,0.0,1.3,1.0,0.0,0.0,plasmacytoid DC,0.04758133363504521
