,1-Wasserstein_PCA,2-Wasserstein_PCA,Linear_MMD_PCA,Poly_MMD_PCA,RBF_MMD_PCA,KNN identity,KNN identity PCA,precision,recall,density,coverage,precision_PCA,recall_PCA,density_PCA,coverage_PCA,KNN category,KNN category PCA,ct,global_f1
0,13.9012271977969,13.964463008716905,164.20315551757812,56601.0703125,0.9491994380950928,0.7953527542778394,1.0,0.46987951807228917,0.7721518987341772,0.33253012048192776,0.9367088607594937,0.0,0.0,0.0,0.0,0.22043010752688172,0.27423167848699764,CD56 (bright) NK cells,0.6451644642590498
1,14.047992535606406,14.101655770767799,170.08506774902344,41730.3515625,0.9444155693054199,0.7775594917456193,1.0,0.4578313253012048,0.845360824742268,0.31204819277108437,0.9072164948453608,0.0,0.0,0.0,0.0,0.319672131147541,0.3412698412698413,CD56 (dim) NK cells,0.6451644642590498
2,14.268642357417512,14.293294762774213,160.1747589111328,29739.044921875,1.1352205276489258,0.7902439024390244,1.0,0.8181818181818182,0.9523809523809523,0.9318181818181819,1.0,0.0,0.0,0.0,0.0,0.0,0.028985507246376815,MAIT T cells,0.6451644642590498
3,13.616981333703972,13.694639814098233,153.14353942871094,192155.6875,0.7172238826751709,0.6949539010607713,1.0,0.4134078212290503,0.7896174863387978,0.21256983240223462,0.7540983606557377,0.0,0.0,0.0,0.0,0.14413518886679919,0.4773722627737226,classical monocytes,0.6451644642590498
4,14.366612865078833,14.43074884670874,166.11549377441406,28716.88671875,0.8627688884735107,0.7387278582930756,1.0,0.45161290322580644,0.7023809523809523,0.4182795698924731,0.9880952380952381,0.0,0.0,0.0,0.0,0.1452054794520548,0.3163841807909604,effector CD8 T cells,0.6451644642590498
5,13.538685093442467,13.618420754177325,152.12713623046875,190892.078125,0.7616713047027588,0.40139165271938954,1.0,0.13924050632911392,0.9602649006622517,0.03164556962025317,0.2119205298013245,0.0,0.0,0.0,0.0,0.3071672354948805,0.31438127090301005,intermediate monocytes,0.6451644642590498
6,13.775064000457872,13.825662313308019,162.34849548339844,72655.203125,0.8876097202301025,0.40175272789758565,1.0,0.07547169811320754,0.9428571428571428,0.03207547169811321,0.2571428571428571,0.0,0.0,0.0,0.0,1.0,0.49763033175355453,memory B cells,0.6451644642590498
7,14.195560716139592,14.25146950137305,172.44320678710938,24748.669921875,0.847928524017334,0.7653800650695062,1.0,0.15773809523809523,0.8012048192771084,0.13273809523809524,0.6897590361445783,0.0,0.0,0.0,0.0,0.23120000000000002,0.33133732534930144,memory CD4 T cells,0.6451644642590498
8,13.217723971970228,13.346966133358661,129.63720703125,138911.625,0.7763888835906982,0.35507246376811596,1.0,0.225,0.9591836734693877,0.05500000000000001,0.3673469387755102,0.0,0.0,0.0,0.0,0.4666666666666667,0.26865671641791045,myeloid DC,0.6451644642590498
9,13.994472699393118,14.031322427558951,165.5139617919922,78944.328125,0.992337703704834,0.4455667789001122,1.0,0.1694915254237288,0.9272727272727272,0.04406779661016949,0.36363636363636365,0.0,0.0,0.0,0.0,0.24358974358974356,0.3444444444444445,naive B cells,0.6451644642590498
10,14.261015130635235,14.31227242228395,178.95187377929688,21054.013671875,0.9131491184234619,0.49420233839018257,1.0,0.22140221402214022,0.7107142857142857,0.26605166051660517,0.8928571428571429,0.0,0.0,0.0,0.0,0.27046783625730997,0.061488673139158574,naive CD4 T cells,0.6451644642590498
11,13.808117245413705,13.851306639476276,169.53076171875,20474.3828125,0.9223496913909912,0.7947383249037416,1.0,0.2662337662337662,0.6052631578947368,0.4103896103896104,1.0,0.0,0.039473684210526314,0.0,0.0,0.3209876543209877,0.15079365079365079,naive CD8 T cells,0.6451644642590498
12,12.786217501759525,12.839058134472294,139.5640869140625,150031.6875,0.8800382614135742,0.45553498704183637,1.0,0.12307692307692308,0.96875,0.03076923076923077,0.28125,0.0,0.0,0.0,0.0,1.0,0.3564356435643565,non-classical monocytes,0.6451644642590498
13,14.037058265080242,14.093154137935143,171.84353637695312,56813.26953125,0.9733622074127197,0.7517098980513615,1.0,0.4675324675324675,0.8860759493670886,0.3246753246753247,0.9113924050632911,0.0,0.0,0.0,0.0,0.1592920353982301,0.25925925925925924,CD56 (bright) NK cells,0.6451644642590498
14,14.174935055762218,14.232450248708966,174.45997619628906,44158.9296875,0.9542686939239502,0.7672930827668931,1.0,0.44329896907216493,0.8247422680412371,0.3391752577319588,0.9587628865979382,0.0,0.0,0.0,0.0,0.17006802721088435,0.2650103519668737,CD56 (dim) NK cells,0.6451644642590498
15,14.017828277179168,14.084017402972998,157.0467071533203,29370.39453125,1.1025476455688477,0.7996041563582384,1.0,0.875,0.9523809523809523,0.6333333333333333,1.0,0.0,0.0,0.0,0.0,0.0,0.019999999999999997,MAIT T cells,0.6451644642590498
16,13.561309963206087,13.640757024782204,153.04888916015625,188512.71875,0.716151237487793,0.7459717539107844,1.0,0.4117647058823529,0.7185792349726776,0.2882352941176471,0.860655737704918,0.0,0.0,0.0,0.0,0.19526285384171002,0.4708171206225681,classical monocytes,0.6451644642590498
17,14.43982382047744,14.519927458208473,169.3192901611328,29998.271484375,0.8709895610809326,0.777992071145398,1.0,0.42857142857142855,0.7976190476190477,0.26071428571428573,0.8452380952380952,0.0,0.0,0.0,0.0,0.1956521739130435,0.32727272727272727,effector CD8 T cells,0.6451644642590498
18,13.506010526268472,13.585180610984827,144.8987579345703,183279.71875,0.7579405307769775,0.3995406321776222,1.0,0.17532467532467533,0.9735099337748344,0.046103896103896105,0.32450331125827814,0.0,0.0,0.0,0.0,0.30894308943089427,0.4615384615384615,intermediate monocytes,0.6451644642590498
19,13.837669249676187,13.88334626228804,162.32371520996094,73717.84375,0.9001195430755615,0.3786449399656947,1.0,0.0196078431372549,0.9714285714285714,0.012745098039215686,0.10476190476190476,0.0,0.0,0.0,0.0,1.0,0.4975369458128079,memory B cells,0.6451644642590498
20,14.208514629441051,14.26001578479752,172.75511169433594,25019.1640625,0.8439674377441406,0.44392667060910707,1.0,0.14330218068535824,0.8132530120481928,0.16573208722741434,0.7439759036144579,0.0,0.0,0.0,0.0,0.3088071348940914,0.49528301886792453,memory CD4 T cells,0.6451644642590498
21,13.094136274974915,13.197122747577206,129.1699981689453,133294.4375,0.7648611068725586,0.335423197492163,1.0,0.21052631578947367,0.9387755102040817,0.03684210526315789,0.30612244897959184,0.0,0.02040816326530612,0.0,0.0,0.4864864864864865,0.2828282828282828,myeloid DC,0.6451644642590498
22,13.74355929768636,13.774570065251911,159.83114624023438,75538.9375,0.9778585433959961,0.6216216216216217,1.0,0.3157894736842105,0.9636363636363636,0.08421052631578947,0.5454545454545454,0.0,0.0,0.0,0.0,0.16176470588235295,0.3522727272727273,naive B cells,0.6451644642590498
23,14.16886641839487,14.219262177768647,174.78126525878906,20525.572265625,0.9047267436981201,0.5736507936507937,1.0,0.2564102564102564,0.725,0.32344322344322346,0.9071428571428571,0.0,0.0,0.0,0.0,0.27694503925767305,0.05981308411214954,naive CD4 T cells,0.6451644642590498
24,13.846274480675905,13.887413831970289,170.67564392089844,20670.0390625,0.9331347942352295,0.47645522798161133,1.0,0.26277372262773724,0.6776315789473685,0.2576642335766423,0.8717105263157895,0.0,0.0,0.0,0.0,0.47709923664122134,0.13852242744063326,naive CD8 T cells,0.6451644642590498
25,12.855742647738783,12.904881409919783,139.83984375,149317.8125,0.873821496963501,0.5065094571358388,1.0,0.2033898305084746,0.9375,0.06271186440677966,0.421875,0.0,0.0,0.0,0.0,0.4869565217391304,0.33707865168539325,non-classical monocytes,0.6451644642590498
26,14.036451681158615,14.089747379148028,170.955078125,59095.390625,0.9801898002624512,0.7819289077009459,1.0,0.6351351351351351,0.7848101265822784,0.47972972972972977,1.0,0.0,0.0,0.0,0.0,0.2222222222222222,0.2842377260981912,CD56 (bright) NK cells,0.6451644642590498
27,14.089172664422394,14.134554531499745,169.0072479248047,41242.578125,0.934821367263794,0.7658480868075386,1.0,0.42592592592592593,0.7628865979381443,0.27037037037037037,0.8865979381443299,0.0,0.0,0.0,0.0,0.19913419913419914,0.2431372549019608,CD56 (dim) NK cells,0.6451644642590498
28,14.437429564339777,14.484857124590397,168.2217254638672,32466.33984375,1.153285026550293,0.6108597285067874,1.0,0.7272727272727273,0.9523809523809523,0.5409090909090909,1.0,0.0,0.0,0.0,0.0,0.0,0.0,MAIT T cells,0.6451644642590498
29,13.555107975066248,13.639685725702666,154.170166015625,190462.40625,0.7210597991943359,0.7576948008840918,1.0,0.40384615384615385,0.6994535519125683,0.2785714285714286,0.8633879781420765,0.0,0.0,0.0,0.0,0.19363222871994804,0.47246376811594204,classical monocytes,0.6451644642590498
30,14.413629827045261,14.500930352266414,164.71392822265625,27685.1171875,0.8618953227996826,0.7652941176470589,1.0,0.5119047619047619,0.6666666666666666,0.3583333333333334,0.9523809523809523,0.0,0.0,0.0,0.0,0.1375,0.4939759036144578,effector CD8 T cells,0.6451644642590498
31,13.499187680111815,13.577350631695385,149.87355041503906,189710.453125,0.7600157260894775,0.36071878522644385,1.0,0.16875,0.9801324503311258,0.023125000000000003,0.2119205298013245,0.0,0.0,0.0,0.0,0.3013698630136986,0.4788273615635179,intermediate monocytes,0.6451644642590498
32,13.949838102431512,14.001002928276103,165.4438018798828,75221.671875,0.9035985469818115,0.40367751060820367,1.0,0.06060606060606061,0.9523809523809523,0.011111111111111112,0.0761904761904762,0.0,0.0,0.0,0.0,1.0,1.0,memory B cells,0.6451644642590498
33,14.172051561216103,14.223542454300933,171.68844604492188,25086.01953125,0.8449842929840088,0.6810207336523126,1.0,0.1308139534883721,0.7530120481927711,0.16017441860465118,0.8042168674698795,0.0,0.0,0.0,0.0,0.312210200927357,0.49633967789165445,memory CD4 T cells,0.6451644642590498
34,13.112067406221945,13.259783121981659,128.9507293701172,131602.203125,0.7798278331756592,0.3402777777777778,1.0,0.34782608695652173,0.9591836734693877,0.05652173913043478,0.2653061224489796,0.0,0.0,0.0,0.0,0.4945054945054945,0.4177215189873417,myeloid DC,0.6451644642590498
35,14.002670834281226,14.046780289670636,165.877685546875,78295.7734375,1.0026724338531494,0.5541666666666667,1.0,0.25,0.9636363636363636,0.05576923076923077,0.38181818181818183,0.0,0.0,0.0,0.0,0.2,0.3246753246753247,naive B cells,0.6451644642590498
36,14.26416875970501,14.316759790289273,176.5239715576172,20847.8984375,0.9149398803710938,0.6777607536034502,1.0,0.21532846715328466,0.75,0.254014598540146,0.8857142857142857,0.0,0.0,0.0,0.0,0.2712842712842713,0.06369426751592355,naive CD4 T cells,0.6451644642590498
37,13.938844583536453,13.98441331337153,172.48175048828125,21044.845703125,0.929495096206665,0.6281613123718386,1.0,0.26973684210526316,0.6414473684210527,0.3338815789473684,0.9605263157894737,0.0,0.0,0.0,0.0,0.47404844290657444,0.13285024154589373,naive CD8 T cells,0.6451644642590498
38,12.806462595950478,12.859274609569013,137.9939422607422,149887.9375,0.8833253383636475,0.5237883503779458,1.0,0.10909090909090909,0.984375,0.018181818181818184,0.140625,0.0,0.0,0.0,0.0,1.0,0.3292682926829268,non-classical monocytes,0.6451644642590498
