,1-Wasserstein_PCA,2-Wasserstein_PCA,Linear_MMD_PCA,Poly_MMD_PCA,KNN identity,KNN identity PCA,precision,recall,density,coverage,precision_PCA,recall_PCA,density_PCA,coverage_PCA,KNN category,KNN category PCA,ct,global_f1
0,14.382171775721298,14.467640288009607,173.1122589111328,58891.03125,0.7844993581514762,1.0,0.569620253164557,0.6582278481012658,0.8936708860759494,1.0,0.0,0.0379746835443038,0.0,0.0,0.12991452991452992,0.23848238482384823,CD56 (bright) NK cells,0.5936075180257443
1,14.761347298769603,14.826823133574653,183.4966583251953,47148.33984375,0.7660087719298245,1.0,0.5051546391752577,0.711340206185567,0.5865979381443299,0.9896907216494846,0.0,0.0,0.0,0.0,0.174496644295302,0.14805194805194805,CD56 (dim) NK cells,0.5936075180257443
2,14.470755758739653,14.545791430308318,165.5725555419922,30976.87890625,0.8077803203661327,1.0,0.9047619047619048,0.8571428571428571,1.019047619047619,1.0,0.0,0.0,0.0,0.0,0.0,0.0,MAIT T cells,0.5936075180257443
3,14.427503706978971,14.536521902355261,173.15882873535156,239729.953125,0.7681220632490364,1.0,0.5437158469945356,0.6885245901639344,0.9120218579234973,0.994535519125683,0.0,0.00546448087431694,0.0,0.0,0.2205971968312005,0.4888268156424581,classical monocytes,0.5936075180257443
4,14.47210851169768,14.5616136035944,164.4487762451172,27051.458984375,0.7294685990338163,1.0,0.6904761904761905,0.42857142857142855,1.236904761904762,1.0,0.0,0.0,0.0,0.0,0.11286089238845144,0.23076923076923075,effector CD8 T cells,0.5936075180257443
5,14.08677080293365,14.192440508782983,156.77783203125,211456.671875,0.6655592469545959,1.0,0.5827814569536424,0.7748344370860927,0.6721854304635762,0.9735099337748344,0.0,0.0,0.0,0.0,0.22644927536231885,0.43656716417910446,intermediate monocytes,0.5936075180257443
6,14.232268624078657,14.290313586320226,168.552734375,67730.0625,0.7144522144522144,1.0,0.5714285714285714,0.6285714285714286,0.9552380952380952,0.9904761904761905,0.0,0.0,0.0,0.0,0.2426470588235294,0.3252032520325203,memory B cells,0.5936075180257443
7,14.551309220762132,14.630747733639579,179.9690399169922,26754.271484375,0.555440030876596,1.0,0.49698795180722893,0.3463855421686747,1.885843373493976,1.0,0.0,0.0,0.0,0.0,0.22561983471074382,0.1956923076923077,memory CD4 T cells,0.5936075180257443
8,13.74298667907715,13.852127336091439,151.631103515625,151939.4375,0.8356394129979036,1.0,0.8571428571428571,0.7755102040816326,0.7000000000000001,0.9795918367346939,0.0,0.0,0.0,0.0,0.47311827956989244,0.20657276995305163,myeloid DC,0.5936075180257443
9,14.414620486172762,14.491257369149793,172.52638244628906,82076.453125,0.7758152173913043,1.0,0.5454545454545454,0.7636363636363637,0.6745454545454546,0.9818181818181818,0.0,0.0,0.0,0.0,0.09375,0.17777777777777778,naive B cells,0.5936075180257443
10,14.528581789561686,14.595590700681806,181.6143798828125,22141.08984375,0.6457662251720078,1.0,0.35714285714285715,0.5464285714285714,0.9739285714285715,1.0,0.0035714285714285713,0.0,0.00035714285714285714,0.0035714285714285713,0.25820568927789933,0.0696165191740413,naive CD4 T cells,0.5936075180257443
11,14.204963709178722,14.270975211912644,176.2770233154297,22758.193359375,0.6872834372834373,1.0,0.3782894736842105,0.47039473684210525,1.249342105263158,1.0,0.003289473684210526,0.0,0.0003289473684210526,0.003289473684210526,0.31663788140472077,0.13736501079913607,naive CD8 T cells,0.5936075180257443
12,13.024880915880203,13.100567283432255,140.59530639648438,146981.46875,0.9140572544710981,1.0,0.6875,0.65625,0.915625,1.0,0.0,0.0,0.0,0.0,0.3225806451612903,0.28888888888888886,non-classical monocytes,0.5936075180257443
13,14.496845776521704,14.572469964423002,175.3419647216797,58264.203125,0.7683769633507853,1.0,0.5949367088607594,0.6708860759493671,0.5354430379746836,0.9493670886075949,0.0,0.0,0.0,0.0,0.14090909090909093,0.1708333333333333,CD56 (bright) NK cells,0.5936075180257443
14,14.522829104944606,14.597114634077636,177.0306396484375,45182.9609375,0.7999565830891131,1.0,0.4948453608247423,0.7835051546391752,0.4257731958762887,0.9690721649484536,0.0,0.0,0.0,0.0,0.12285714285714285,0.22374429223744294,CD56 (dim) NK cells,0.5936075180257443
15,14.639468510945637,14.706727427417324,163.1220703125,30711.73046875,0.8568181818181819,1.0,0.8571428571428571,0.7619047619047619,0.8476190476190477,1.0,0.0,0.0,0.0,0.0,0.0,0.0,MAIT T cells,0.5936075180257443
16,14.405149621390247,14.505400875755333,171.12548828125,238920.84375,0.7097027568150316,1.0,0.5601092896174863,0.6830601092896175,0.9442622950819672,0.994535519125683,0.0,0.0,0.0,0.0,0.23480825958702067,0.4923717059639389,classical monocytes,0.5936075180257443
17,14.533785876773651,14.636702544690479,163.76995849609375,25933.16015625,0.8055555555555556,1.0,0.7142857142857143,0.4642857142857143,1.0726190476190476,1.0,0.023809523809523808,0.011904761904761904,0.002380952380952381,0.023809523809523808,0.12,0.4615384615384615,effector CD8 T cells,0.5936075180257443
18,14.269499930324928,14.378566850594773,166.5958251953125,226883.046875,0.7111328854050019,1.0,0.5695364238410596,0.847682119205298,0.8165562913907286,0.9933774834437086,0.0,0.0,0.0,0.0,0.2322695035460993,0.43866171003717475,intermediate monocytes,0.5936075180257443
19,14.364762887500586,14.426869544808827,171.52865600585938,69229.5625,0.7963800904977375,1.0,0.6190476190476191,0.6666666666666666,1.0133333333333334,0.9809523809523809,0.0,0.0,0.0,0.0,0.2426470588235294,0.24009900990099012,memory B cells,0.5936075180257443
20,14.579107502856889,14.65498021790901,181.3559112548828,27141.576171875,0.5689058915125697,1.0,0.45481927710843373,0.3855421686746988,1.2518072289156628,1.0,0.0,0.0,0.0,0.0,0.22875816993464054,0.24539877300613497,memory CD4 T cells,0.5936075180257443
21,13.507200104849675,13.650186656934132,128.9385986328125,119336.1953125,0.8456368791347264,1.0,0.8979591836734694,0.7142857142857143,0.7795918367346939,0.9795918367346939,0.0,0.0,0.0,0.0,0.3154121863799283,0.2191780821917808,myeloid DC,0.5936075180257443
22,14.053084789622913,14.10083054359795,163.10194396972656,76228.6875,0.7817460317460319,1.0,0.6545454545454545,0.6,1.070909090909091,1.0,0.0,0.0,0.0,0.0,0.08465608465608465,0.3452380952380952,naive B cells,0.5936075180257443
23,14.464632637160168,14.535820921175013,180.0569610595703,21873.5,0.6463879782117845,1.0,0.35,0.5,1.1160714285714286,1.0,0.0,0.0,0.0,0.0,0.24529721595184348,0.0770392749244713,naive CD4 T cells,0.5936075180257443
24,14.20207202120831,14.263104016851814,177.0768585205078,22649.93359375,0.703822236736471,1.0,0.3618421052631579,0.506578947368421,1.0572368421052631,1.0,0.0,0.0,0.0,0.0,0.31724137931034485,0.12178148921363953,naive CD8 T cells,0.5936075180257443
25,13.21773786842823,13.303802666890071,139.89219665527344,147553.40625,0.8653382016213874,1.0,0.65625,0.8125,0.5953125,0.984375,0.0,0.0,0.0,0.0,0.3225806451612903,0.2967032967032967,non-classical monocytes,0.5936075180257443
26,14.652399292475062,14.71615855071146,176.486328125,62860.0859375,0.8036007859176392,1.0,0.5443037974683544,0.7721518987341772,0.6278481012658228,0.9873417721518988,0.0,0.0,0.0,0.0,0.15948275862068964,0.2676767676767677,CD56 (bright) NK cells,0.5936075180257443
27,14.770545192600528,14.828956178821041,184.2709197998047,48747.890625,0.8092732828484124,1.0,0.422680412371134,0.7422680412371134,0.7051546391752578,1.0,0.0,0.0,0.0,0.0,0.13424657534246576,0.23841059602649006,CD56 (dim) NK cells,0.5936075180257443
28,14.832735742841447,14.920397081705078,170.1677703857422,31252.00390625,0.9038901601830664,1.0,0.8571428571428571,0.8571428571428571,0.7857142857142857,1.0,0.0,0.0,0.0,0.0,0.0,0.0,MAIT T cells,0.5936075180257443
29,14.4368285846189,14.534789491078415,172.31422424316406,243766.265625,0.703938460215827,1.0,0.5382513661202186,0.6557377049180327,0.9278688524590164,0.9890710382513661,0.0,0.0,0.0,0.0,0.24231884057971018,0.4881118881118881,classical monocytes,0.5936075180257443
30,14.579343704950242,14.668157878428264,169.4473876953125,27428.74609375,0.6950998185117967,1.0,0.8095238095238095,0.4166666666666667,1.3976190476190478,1.0,0.011904761904761904,0.0,0.0011904761904761906,0.011904761904761904,0.12903225806451613,0.176,effector CD8 T cells,0.5936075180257443
31,14.206893952477063,14.308468227658446,167.1522216796875,227025.59375,0.6656719291490181,1.0,0.609271523178808,0.7748344370860927,0.6298013245033114,0.9668874172185431,0.0,0.0,0.0,0.0,0.2322695035460993,0.4607142857142857,intermediate monocytes,0.5936075180257443
32,14.553998574756438,14.614621826676368,178.29454040527344,72702.609375,0.8130606468695076,1.0,0.47619047619047616,0.6095238095238096,1.0123809523809524,0.9904761904761905,0.0,0.0,0.0,0.0,0.3252032520325203,0.3301282051282051,memory B cells,0.5936075180257443
33,14.488839876220876,14.561087326930895,177.54640197753906,26432.4609375,0.6225690109240923,1.0,0.4879518072289157,0.3644578313253012,1.7783132530120485,1.0,0.0,0.0,0.0,0.0,0.30735930735930733,0.32719836400818,memory CD4 T cells,0.5936075180257443
34,13.577313578858666,13.67567177487274,138.8177032470703,136509.46875,0.772093023255814,1.0,0.8163265306122449,0.6938775510204082,0.7448979591836735,0.9795918367346939,0.0,0.0,0.0,0.0,0.47311827956989244,0.3378378378378379,myeloid DC,0.5936075180257443
35,14.814174686778674,14.86696471724055,181.1289825439453,77333.40625,0.8425263157894737,1.0,0.6,0.6545454545454545,0.6563636363636364,1.0,0.0,0.0,0.0,0.0,0.023391812865497075,0.14285714285714285,naive B cells,0.5936075180257443
36,14.39087965147836,14.453167030774125,178.57608032226562,21906.0546875,0.6785345256470768,1.0,0.375,0.5214285714285715,0.9235714285714286,1.0,0.0035714285714285713,0.0,0.00035714285714285714,0.0035714285714285713,0.24434389140271492,0.07536231884057971,naive CD4 T cells,0.5936075180257443
37,14.14513507955953,14.204273239528044,173.78744506835938,21959.080078125,0.7213114304143164,1.0,0.3717105263157895,0.48355263157894735,1.137171052631579,1.0,0.0,0.0,0.0,0.0,0.47855917667238423,0.16519823788546253,naive CD8 T cells,0.5936075180257443
38,12.90319550037384,12.97270473251771,135.54515075683594,143015.625,0.8488971730351041,1.0,0.59375,0.71875,0.64375,1.0,0.0,0.015625,0.0,0.0,0.3169398907103825,0.3263157894736842,non-classical monocytes,0.5936075180257443
