,1-Wasserstein_PCA,2-Wasserstein_PCA,Linear_MMD_PCA,Poly_MMD_PCA,KNN identity,KNN identity PCA,precision,recall,density,coverage,precision_PCA,recall_PCA,density_PCA,coverage_PCA,KNN category,KNN category PCA,ct,global_f1
0,18.626512949979755,19.141198108226064,168.509521484375,48754.44921875,0.3333333333333333,1.0,0.9746835443037974,0.0,7.7,1.0,0.0,0.0,0.0,0.0,0.0,0.0,CD56 (bright) NK cells,0.021439344968756734
1,17.653509454628857,18.247726094053366,177.5392608642578,45403.75,0.3333333333333333,1.0,0.9896907216494846,0.0,9.600000000000001,1.0,0.0,0.0,0.0,0.0,0.0,0.0,CD56 (dim) NK cells,0.021439344968756734
2,17.990299724397204,18.85830517003725,90.0726089477539,26251.982421875,0.3333333333333333,0.9282051282051282,1.0,0.0,2.1,1.0,1.0,0.0,0.9,0.42857142857142855,0.0,0.0,MAIT T cells,0.021439344968756734
3,22.65857493291136,23.315015625234807,278.19287109375,122226.171875,0.3333333333333333,1.0,1.0,0.0,36.387158469945355,1.0,0.0,0.0,0.0,0.0,0.0,0.0,classical monocytes,0.021439344968756734
4,24.341935373487924,26.81212174738093,255.1336669921875,295203.28125,0.3333333333333333,1.0,1.0,0.0,8.398809523809524,1.0,1.0,0.0,1.2797619047619049,0.15476190476190477,0.0,0.0,effector CD8 T cells,0.021439344968756734
5,23.590466170910968,24.392728957287183,295.3037414550781,144178.984375,0.3333333333333333,1.0,1.0,0.0,15.100000000000001,1.0,0.0,0.0,0.0,0.0,0.0,0.0,intermediate monocytes,0.021439344968756734
6,22.487923631213956,22.934826147934178,319.17718505859375,169442.625,0.3333333333333333,1.0,1.0,0.0,10.397142857142859,1.0,1.0,0.0,0.9847619047619048,0.22857142857142856,0.0,0.009433962264150945,memory B cells,0.021439344968756734
7,17.245526583797954,18.30439294114801,90.65308380126953,41433.83984375,0.3333333333333333,1.0,0.9909638554216867,0.0,32.80602409638555,1.0,0.9969879518072289,0.0,0.19939759036144578,0.006024096385542169,1.0,1.0,memory CD4 T cells,0.021439344968756734
8,25.863361475419026,27.21378646638666,306.6233215332031,279062.5625,0.3333333333333333,1.0,1.0,0.0,4.9,1.0,1.0,0.0,0.8346938775510204,0.20408163265306123,0.0,0.0,myeloid DC,0.021439344968756734
9,19.665959098122336,19.970569284045286,228.87847900390625,85574.4609375,0.3333333333333333,1.0,1.0,0.0,5.485454545454545,1.0,1.0,0.0,0.3018181818181818,0.07272727272727272,0.0,0.0,naive B cells,0.021439344968756734
10,17.071441384724213,18.341537290143123,115.13043975830078,49532.83984375,0.3333333333333333,1.0,0.9928571428571429,0.0,27.501428571428576,1.0,1.0,0.0,0.19964285714285715,0.007142857142857143,0.0,0.0,naive CD4 T cells,0.021439344968756734
11,18.010243977371008,19.07857230965337,136.400146484375,52003.50390625,0.3333333333333333,1.0,1.0,0.0,30.287828947368425,1.0,0.0,0.0,0.0,0.0,0.0,0.0,naive CD8 T cells,0.021439344968756734
12,22.328682899475098,22.700232965475468,338.3879699707031,138942.625,0.3333333333333333,1.0,1.0,0.0,6.4,1.0,1.0,0.0,0.6109375,0.125,0.0,0.0,non-classical monocytes,0.021439344968756734
13,29.42577464763935,30.13623453001614,221.23406982421875,394857.5,0.3333333333333333,0.8830584707646177,1.0,0.0,1.3,1.0,1.0,0.0,1.2076923076923078,1.0,0.0,0.0,plasmacytoid DC,0.021439344968756734
14,18.619933707804613,19.1326002879976,168.2179718017578,48756.76953125,0.3333333333333333,1.0,0.9873417721518988,0.0,7.800000000000001,1.0,0.0,0.0,0.0,0.0,0.0,0.0,CD56 (bright) NK cells,0.021439344968756734
15,17.656399618719046,18.249789875287803,177.52268981933594,45404.328125,0.3333333333333333,1.0,1.0,0.0,9.643298969072166,1.0,0.0,0.0,0.0,0.0,0.0,0.0,CD56 (dim) NK cells,0.021439344968756734
16,17.999044781639462,18.868555408147614,90.48533630371094,26252.34765625,0.3333333333333333,0.9282051282051282,1.0,0.0,2.1,1.0,1.0,0.0,0.9,0.42857142857142855,0.0,0.0,MAIT T cells,0.021439344968756734
17,22.66065851065631,23.32000429765945,278.1370544433594,122222.5859375,0.3333333333333333,1.0,1.0,0.0,36.53852459016394,1.0,0.0,0.0,0.0,0.0,0.0,0.0,classical monocytes,0.021439344968756734
18,24.345248301823947,26.815110394460856,255.0887908935547,295203.3125,0.3333333333333333,1.0,1.0,0.0,8.4,1.0,1.0,0.0,1.2880952380952382,0.15476190476190477,0.0,0.0,effector CD8 T cells,0.021439344968756734
19,23.590728513452397,24.394928052213846,295.01287841796875,144181.890625,0.3333333333333333,1.0,1.0,0.0,15.100000000000001,1.0,0.0,0.0,0.0,0.0,0.0,0.0,intermediate monocytes,0.021439344968756734
20,22.46218221755254,22.90248306021485,318.09814453125,169471.640625,0.3333333333333333,1.0,1.0,0.0,10.44761904761905,1.0,1.0,0.0,0.9857142857142858,0.18095238095238095,0.0,0.009433962264150945,memory B cells,0.021439344968756734
21,17.246224682015104,18.305582879463895,90.62760925292969,41433.875,0.3333333333333333,1.0,0.9969879518072289,0.0,32.9460843373494,1.0,1.0,0.0,0.20030120481927713,0.009036144578313253,1.0,1.0,memory CD4 T cells,0.021439344968756734
22,25.791398846373262,27.106361462621045,305.825439453125,279036.96875,0.3333333333333333,1.0,1.0,0.0,4.9,1.0,1.0,0.0,0.8408163265306122,0.24489795918367346,0.0,0.0,myeloid DC,0.021439344968756734
23,19.64382379705255,19.944093086232712,227.27655029296875,85436.2890625,0.3333333333333333,1.0,1.0,0.0,5.489090909090909,1.0,1.0,0.0,0.3018181818181818,0.07272727272727272,0.0,0.0,naive B cells,0.021439344968756734
24,17.06982810497285,18.338423496342877,115.01160430908203,49532.91796875,0.3333333333333333,1.0,0.9964285714285714,0.0,27.74142857142857,1.0,1.0,0.0,0.2,0.007142857142857143,0.0,0.0,naive CD4 T cells,0.021439344968756734
25,18.007717960759205,19.076329971821593,136.3656463623047,52003.31640625,0.3333333333333333,1.0,0.9967105263157895,0.0,30.208223684210527,1.0,0.0,0.0,0.0,0.0,0.0,0.0,naive CD8 T cells,0.021439344968756734
26,22.342339545488358,22.713041057870853,340.1344909667969,138970.21875,0.3333333333333333,1.0,1.0,0.0,6.4,1.0,1.0,0.0,0.609375,0.125,0.0,0.0,non-classical monocytes,0.021439344968756734
27,29.543730368981,30.244286600863845,224.3504180908203,395120.90625,0.3333333333333333,0.8830584707646177,1.0,0.0,1.3,1.0,1.0,0.0,1.2153846153846155,1.0,0.0,0.0,plasmacytoid DC,0.021439344968756734
28,18.620781632918344,19.133852684348323,168.07276916503906,48755.6484375,0.3333333333333333,1.0,0.9873417721518988,0.0,7.800000000000001,1.0,0.0,0.0,0.0,0.0,0.0,0.0,CD56 (bright) NK cells,0.021439344968756734
29,17.66231650912885,18.259316085602762,177.90667724609375,45401.83984375,0.3333333333333333,1.0,0.9690721649484536,0.0,9.4,1.0,0.0,0.0,0.0,0.0,0.0,0.0,CD56 (dim) NK cells,0.021439344968756734
30,17.994908332824703,18.86196914441551,90.5981216430664,26252.83984375,0.3333333333333333,0.9282051282051282,1.0,0.0,2.1,1.0,1.0,0.0,0.9,0.42857142857142855,0.0,0.0,MAIT T cells,0.021439344968756734
31,22.639089586956267,23.28798268673355,277.01458740234375,122162.0703125,0.3333333333333333,1.0,1.0,0.0,36.17322404371585,1.0,0.0,0.0,0.0,0.0,0.0,0.0,classical monocytes,0.021439344968756734
32,24.34312914666676,26.813118569166917,255.0063018798828,295202.90625,0.3333333333333333,1.0,1.0,0.0,8.327380952380953,1.0,1.0,0.0,1.2880952380952382,0.15476190476190477,0.0,0.0,effector CD8 T cells,0.021439344968756734
33,23.56759271558547,24.35937819009262,294.2567138671875,144142.65625,0.3333333333333333,1.0,0.9933774834437086,0.0,15.0,1.0,0.0,0.0,0.0,0.0,0.0,0.0,intermediate monocytes,0.021439344968756734
34,22.467266882033574,22.912194412140344,318.65325927734375,169343.328125,0.3333333333333333,1.0,1.0,0.0,10.334285714285715,1.0,1.0,0.0,0.9866666666666668,0.20952380952380953,0.0,0.009433962264150945,memory B cells,0.021439344968756734
35,17.246173278394945,18.305421159455573,90.64498901367188,41433.89453125,0.3333333333333333,1.0,0.9909638554216867,0.0,32.66144578313253,1.0,1.0,0.0,0.20030120481927713,0.009036144578313253,1.0,1.0,memory CD4 T cells,0.021439344968756734
36,25.85930193686972,27.196420132648505,306.4297180175781,279031.59375,0.3333333333333333,1.0,1.0,0.0,4.9,1.0,1.0,0.0,0.8387755102040817,0.30612244897959184,0.0,0.0,myeloid DC,0.021439344968756734
37,19.626306499134405,19.924745552715727,227.06646728515625,85496.671875,0.3333333333333333,1.0,1.0,0.0,5.474545454545455,1.0,1.0,0.0,0.30000000000000004,0.05454545454545454,0.0,0.0,naive B cells,0.021439344968756734
38,17.069270668710985,18.338286158784413,115.08002471923828,49532.796875,0.3333333333333333,1.0,0.9892857142857143,0.0,27.592857142857145,1.0,1.0,0.0,0.2,0.007142857142857143,0.0,0.0,naive CD4 T cells,0.021439344968756734
39,18.0068584021769,19.07539954047622,136.41409301757812,52003.296875,0.3333333333333333,1.0,0.9967105263157895,0.0,30.015460526315792,1.0,0.003289473684210526,0.0,0.0003289473684210526,0.003289473684210526,0.0,0.0,naive CD8 T cells,0.021439344968756734
40,22.362634420394897,22.736506065299558,339.89837646484375,138979.171875,0.3333333333333333,1.0,1.0,0.0,6.4,1.0,1.0,0.0,0.6046875,0.109375,0.0,0.0,non-classical monocytes,0.021439344968756734
41,29.593576871431793,30.296756372625495,225.8648681640625,395143.1875,0.3333333333333333,0.8830584707646177,1.0,0.0,1.3,1.0,1.0,0.0,1.2000000000000002,0.9230769230769231,0.0,0.0,plasmacytoid DC,0.021439344968756734
