,1-Wasserstein_PCA,2-Wasserstein_PCA,Linear_MMD_PCA,Poly_MMD_PCA,KNN identity,KNN identity PCA,precision,recall,density,coverage,precision_PCA,recall_PCA,density_PCA,coverage_PCA,KNN category,KNN category PCA,ct,global_f1
0,16.254555605634863,16.630005871865592,232.61038208007812,51173.03125,0.9174536832375517,1.0,0.22784810126582278,0.8860759493670886,0.10126582278481014,0.4430379746835443,0.0,0.0,0.0,0.0,0.035416666666666666,0.06223479490806223,CD56 (bright) NK cells,0.3871695307584394
1,15.4775666698967,15.863031026771154,216.3411407470703,33452.73046875,0.8865497076023392,1.0,0.3917525773195876,0.7010309278350515,0.2721649484536083,0.7319587628865979,0.0,0.0,0.0,0.0,0.036036036036036036,0.07874015748031496,CD56 (dim) NK cells,0.3871695307584394
2,15.629645211356024,16.47639441370522,192.61598205566406,18584.3828125,0.8309373202990225,1.0,0.7619047619047619,0.9047619047619048,0.780952380952381,1.0,0.0,0.0,0.0,0.0,0.0,0.0,MAIT T cells,0.3871695307584394
3,12.10280271696914,12.318522009542043,92.8669662475586,62741.515625,0.7845476713519667,1.0,0.1721311475409836,0.8797814207650273,0.053825136612021866,0.2650273224043716,0.0,0.0,0.0,0.0,0.06700593723494487,0.15178571428571427,classical monocytes,0.3871695307584394
4,16.361540976024806,17.048777477222323,226.3769989013672,24509.48046875,0.8561438561438561,1.0,0.4642857142857143,0.6428571428571429,0.4,0.9523809523809523,0.0,0.0,0.0,0.0,0.04207920792079208,0.10933333333333332,effector CD8 T cells,0.3871695307584394
5,12.421294894439498,12.737748280467315,96.9675521850586,52371.8203125,0.8079665712858246,1.0,0.09271523178807947,0.9139072847682119,0.019205298013245036,0.10596026490066225,0.0,0.0,0.0,0.0,0.07193396226415094,0.1209563994374121,intermediate monocytes,0.3871695307584394
6,16.063970602126346,16.368909586640694,232.97312927246094,64770.8515625,0.9040570175438596,1.0,0.1619047619047619,0.8,0.12952380952380954,0.580952380952381,0.0,0.0,0.0,0.0,0.1038961038961039,0.11320754716981131,memory B cells,0.3871695307584394
7,15.204135799982444,15.566041853183894,208.55287170410156,23943.662109375,0.8279135748581405,1.0,0.20180722891566266,0.6626506024096386,0.2855421686746988,0.9216867469879518,0.0,0.0,0.0,0.0,0.133210840606339,0.22287145242070117,memory CD4 T cells,0.3871695307584394
8,13.555829164933183,13.915935723566712,117.65579986572266,31612.3828125,0.9073821274808358,1.0,0.6530612244897959,0.9591836734693877,0.10204081632653061,0.2653061224489796,0.0,0.0,0.0,0.0,0.08205128205128205,0.09999999999999999,myeloid DC,0.3871695307584394
9,16.52305512861772,16.73021784702711,241.11224365234375,77533.8359375,0.9635882158225753,1.0,0.2727272727272727,0.7272727272727273,0.07818181818181819,0.32727272727272727,0.0,0.0,0.0,0.0,0.005102040816326531,0.05633802816901408,naive B cells,0.3871695307584394
10,15.10291244643076,15.469040866335519,211.9676513671875,15615.029296875,0.6710995511180098,1.0,0.21428571428571427,0.7607142857142857,0.15357142857142858,0.7214285714285714,0.0,0.0,0.0,0.0,0.12729948491537896,0.014527845036319612,naive CD4 T cells,0.3871695307584394
11,15.629104956200248,16.132319455653946,224.3109588623047,15032.322265625,0.7101934523809524,1.0,0.13157894736842105,0.7894736842105263,0.07532894736842105,0.5328947368421053,0.0,0.0,0.0,0.0,0.15555555555555556,0.06642512077294686,naive CD8 T cells,0.3871695307584394
12,13.607552483677864,13.968968178498129,127.93315124511719,40360.5703125,0.8811807661365183,1.0,0.015625,0.96875,0.0015625,0.015625,0.0,0.0,0.0,0.0,0.08235294117647059,0.06329113924050633,non-classical monocytes,0.3871695307584394
13,22.98528832655687,23.310619955786397,479.9158935546875,192864.140625,1.0,1.0,0.23076923076923078,0.8461538461538461,0.023076923076923078,0.07692307692307693,0.0,0.0,0.0,0.0,0.0,0.0,plasmacytoid DC,0.3871695307584394
14,15.409045207349559,15.639463360102456,212.8224639892578,50447.3984375,0.9111646586345382,1.0,0.3037974683544304,0.8481012658227848,0.1291139240506329,0.6582278481012658,0.0,0.0,0.0,0.0,0.05772005772005773,0.1018867924528302,CD56 (bright) NK cells,0.3871695307584394
15,15.343362857386003,15.833693778864383,220.26751708984375,39769.74609375,0.9071770334928229,1.0,0.4536082474226804,0.6804123711340206,0.3608247422680413,0.8762886597938144,0.0,0.0,0.0,0.0,0.052821128451380546,0.06749156355455568,CD56 (dim) NK cells,0.3871695307584394
16,17.253639039539152,17.808884495780458,274.58013916015625,33090.63671875,0.9285309132161088,1.0,0.42857142857142855,1.0,0.42380952380952386,1.0,0.0,0.0,0.0,0.0,0.0,0.0,MAIT T cells,0.3871695307584394
17,11.982184170373795,12.14783082030022,98.77570343017578,74773.0078125,0.7938224433225394,1.0,0.16939890710382513,0.8278688524590164,0.05136612021857924,0.28415300546448086,0.0,0.0,0.0,0.0,0.06988188976377953,0.18658892128279883,classical monocytes,0.3871695307584394
18,16.041137218475335,16.655529463659395,219.61532592773438,21009.6796875,0.7719986795290321,1.0,0.47619047619047616,0.5476190476190477,0.5511904761904762,0.9166666666666666,0.0,0.0,0.0,0.0,0.0330827067669173,0.08571428571428572,effector CD8 T cells,0.3871695307584394
19,12.582494429405168,12.93054886113668,99.39863586425781,48199.28125,0.8042862827582287,1.0,0.09271523178807947,0.9337748344370861,0.020529801324503313,0.15894039735099338,0.0,0.0,0.0,0.0,0.07918552036199095,0.12448132780082989,intermediate monocytes,0.3871695307584394
20,16.118408048720593,16.395742241608755,235.00726318359375,66641.9375,0.8792409430707302,1.0,0.2,0.7714285714285715,0.1438095238095238,0.580952380952381,0.0,0.0,0.0,0.0,0.0899390243902439,0.09703504043126684,memory B cells,0.3871695307584394
21,15.107228778931038,15.455484381460524,207.49205017089844,24309.43359375,0.8043894535277655,1.0,0.18373493975903615,0.6746987951807228,0.25210843373493974,0.8885542168674698,0.0,0.0,0.0,0.0,0.13394285714285717,0.17903494176372714,memory CD4 T cells,0.3871695307584394
22,13.193231436671036,13.607612810576402,114.23763275146484,34120.296875,0.9073821274808358,1.0,0.5918367346938775,0.9387755102040817,0.08571428571428572,0.1836734693877551,0.0,0.0,0.0,0.0,0.07812499999999999,0.14545454545454545,myeloid DC,0.3871695307584394
23,16.77112008875067,17.017368301800452,252.09329223632812,75521.0546875,0.972706972128029,1.0,0.2909090909090909,0.7818181818181819,0.16181818181818183,0.7454545454545455,0.0,0.0,0.0,0.0,0.005102040816326531,0.04395604395604396,naive B cells,0.3871695307584394
24,15.106931914602008,15.490922437244256,210.35198974609375,14221.7421875,0.7148081688455952,1.0,0.25357142857142856,0.7178571428571429,0.22321428571428573,0.875,0.0,0.0,0.0,0.0,0.12499999999999999,0.01694915254237288,naive CD4 T cells,0.3871695307584394
25,15.453643325128045,16.006916416240117,220.07080078125,15310.2197265625,0.6402453750664154,1.0,0.1611842105263158,0.7532894736842105,0.14144736842105263,0.694078947368421,0.0,0.0,0.0,0.0,0.13306552849610848,0.08086253369272237,naive CD8 T cells,0.3871695307584394
26,13.862919479608536,14.2358540207307,141.851806640625,47274.23828125,0.8811807661365183,1.0,0.046875,0.9375,0.004687500000000001,0.046875,0.0,0.0,0.0,0.0,0.13218390804597702,0.06315789473684211,non-classical monocytes,0.3871695307584394
27,21.362482364361107,21.40379809003033,414.4454345703125,174923.859375,1.0,1.0,0.07692307692307693,0.6153846153846154,0.015384615384615385,0.15384615384615385,0.0,0.0,0.0,0.0,0.028571428571428574,0.0,plasmacytoid DC,0.3871695307584394
28,14.855587247051767,15.105080467010014,202.409423828125,49925.20703125,0.9173207744636316,1.0,0.3924050632911392,0.7974683544303798,0.17721518987341772,0.620253164556962,0.0,0.0,0.0,0.0,0.044270833333333336,0.08012820512820513,CD56 (bright) NK cells,0.3871695307584394
29,15.475905506881242,15.895291707157241,211.10911560058594,32016.2734375,0.9019341793705271,1.0,0.27835051546391754,0.7938144329896907,0.19896907216494847,0.7319587628865979,0.0,0.0,0.0,0.0,0.04553734061930783,0.09687499999999999,CD56 (dim) NK cells,0.3871695307584394
30,16.859410785493402,17.84838845584133,256.9775085449219,34578.9296875,0.8792409430707302,1.0,0.6666666666666666,0.9047619047619048,0.6333333333333333,1.0,0.0,0.0,0.0,0.0,0.0,0.0,MAIT T cells,0.3871695307584394
31,12.188995573690027,12.364503281207503,98.70297241210938,72789.8046875,0.7847993567266264,1.0,0.1721311475409836,0.8360655737704918,0.052732240437158476,0.319672131147541,0.0,0.0,0.0,0.0,0.07945900253592561,0.1847058823529412,classical monocytes,0.3871695307584394
32,16.42045538766044,17.019813483476007,235.24041748046875,27682.607421875,0.839280019841973,1.0,0.40476190476190477,0.5833333333333334,0.6619047619047619,0.9880952380952381,0.0,0.0,0.0,0.0,0.0655307994757536,0.09821428571428573,effector CD8 T cells,0.3871695307584394
33,12.612598097087538,12.979635570199147,87.70176696777344,33572.3203125,0.8369403824521935,1.0,0.09271523178807947,0.9271523178807947,0.01456953642384106,0.08609271523178808,0.0,0.0,0.0,0.0,0.06542056074766354,0.15546558704453442,intermediate monocytes,0.3871695307584394
34,16.291209920247397,16.614529061793263,231.87806701660156,62634.0625,0.8595835927232482,1.0,0.17142857142857143,0.8285714285714286,0.11714285714285716,0.5619047619047619,0.0,0.0,0.0,0.0,0.08895705521472393,0.0896358543417367,memory B cells,0.3871695307584394
35,15.01857793474772,15.34264865429353,205.32763671875,24058.716796875,0.80722191979677,1.0,0.21686746987951808,0.6596385542168675,0.24819277108433738,0.858433734939759,0.0,0.0,0.0,0.0,0.1562666666666667,0.1819376026272578,memory CD4 T cells,0.3871695307584394
36,14.099891487432984,14.516417468672866,126.10733032226562,28517.978515625,0.8756871035940803,1.0,0.5918367346938775,0.9591836734693877,0.07551020408163266,0.10204081632653061,0.0,0.0,0.0,0.0,0.06696428571428571,0.10303030303030303,myeloid DC,0.3871695307584394
37,16.476049024408514,16.79418386541702,240.9364471435547,77593.40625,0.9452917771883289,1.0,0.3090909090909091,0.8363636363636363,0.09272727272727273,0.45454545454545453,0.0,0.0,0.0,0.0,0.014778325123152709,0.057971014492753624,naive B cells,0.3871695307584394
38,14.954071368489936,15.33105606934836,204.76846313476562,15004.1171875,0.628411288842456,1.0,0.25,0.7607142857142857,0.18892857142857145,0.8107142857142857,0.0,0.0,0.0,0.0,0.12169312169312169,0.010800196367206676,naive CD4 T cells,0.3871695307584394
39,15.297978379224473,15.801272868603345,217.54824829101562,15972.5419921875,0.6405098699513481,1.0,0.125,0.8026315789473685,0.10197368421052631,0.6085526315789473,0.0,0.0,0.0,0.0,0.18888888888888888,0.07841800204568701,naive CD8 T cells,0.3871695307584394
40,13.344306737184525,13.674274635080874,130.1309356689453,50303.69140625,0.8893007165801828,1.0,0.015625,1.0,0.003125,0.03125,0.0,0.0,0.0,0.0,0.0909090909090909,0.07317073170731707,non-classical monocytes,0.3871695307584394
41,20.274898969210113,20.397119185775377,368.2261047363281,158950.90625,0.9614814814814816,1.0,0.3076923076923077,0.9230769230769231,0.06153846153846154,0.3076923076923077,0.0,0.15384615384615385,0.0,0.0,0.02380952380952381,0.02380952380952381,plasmacytoid DC,0.3871695307584394
