,1-Wasserstein_PCA,2-Wasserstein_PCA,Linear_MMD_PCA,Poly_MMD_PCA,KNN identity,KNN identity PCA,precision,recall,density,coverage,precision_PCA,recall_PCA,density_PCA,coverage_PCA,KNN category,KNN category PCA,ct,global_f1
0,21.961605117778603,22.06759439690613,451.0124206542969,233354.171875,0.6464608414991329,0.9873717241423297,0.03787878787878788,0.03787878787878788,0.9785353535353535,1.0,0.47474747474747475,0.007575757575757576,0.10025252525252526,0.13131313131313133,0.0,0.0015586034912718205,B1 B,0.06508144690041698
1,22.47924264735704,22.574246594099378,481.0152893066406,184965.578125,0.6461370257005257,0.9888317887520366,0.008659981768459436,0.007748404740200547,1.1103919781221514,1.0,0.2830446672743847,0.0013673655423883319,0.2137648131267092,0.03555150410209663,0.09597023308059534,0.057449200172935574,CD14+ Mono,0.06508144690041698
2,22.726944239351752,22.842315860280497,484.5314636230469,181156.96875,0.7154114530049054,0.9816692373607541,0.03926701570680628,0.028795811518324606,0.9945026178010471,1.0,0.48429319371727747,0.007853403141361256,0.24528795811518322,0.06282722513089005,0.0,0.00574300071787509,CD16+ Mono,0.06508144690041698
3,21.79265004610844,21.8940829093444,443.044921875,245341.515625,0.3615081108020687,0.9937047865134918,0.014388489208633094,0.0170863309352518,0.9983812949640289,1.0,0.25,0.011690647482014389,0.08965827338129496,0.21133093525179855,0.08800782291759268,0.051649076517150394,CD4+ T activated,0.06508144690041698
4,21.373159988550206,21.483266943686118,424.0627746582031,240119.71875,0.39219049191152194,0.9977349827173794,0.027180067950169876,0.030577576443941108,0.8986409966024915,1.0,0.2853907134767837,0.011325028312570781,0.06840317100792752,0.1755379388448471,0.0,0.029112456524539487,CD4+ T naive,0.06508144690041698
5,21.560918641397365,21.651044722659904,435.8359680175781,245030.609375,0.6049114267475263,0.9946350387232774,0.01072961373390558,0.009012875536480686,1.2286695278969957,1.0,0.2690987124463519,0.0012875536480686696,0.11536480686695279,0.12875536480686695,0.0,0.0038888888888888888,CD8+ T,0.06508144690041698
6,21.73569576147243,21.85073021127628,435.8950500488281,301886.375,0.3934093291404612,0.9949237270665842,0.08121827411167512,0.1319796954314721,0.8959390862944163,1.0,0.18274111675126903,0.04568527918781726,0.0649746192893401,0.14213197969543148,0.006,0.00101010101010101,CD8+ T naive,0.06508144690041698
7,21.835634351990603,21.962947573996477,438.5384826660156,244825.828125,0.7035664231206364,0.9862499471680384,0.028513238289205704,0.026476578411405296,0.9047861507128311,1.0,0.5254582484725051,0.0050916496945010185,0.38268839103869656,0.06619144602851323,0.06339144215530902,0.05944319036869827,Erythroblast,0.06508144690041698
8,23.976915347057826,24.121592207378345,541.534423828125,306001.90625,0.4489296317516538,0.9782505910165484,0.06086956521739131,0.05652173913043478,0.8486956521739132,1.0,0.5608695652173913,0.02608695652173913,0.19173913043478263,0.1782608695652174,0.0,0.013431013431013432,G/M prog,0.06508144690041698
9,23.955244213197297,24.124135110239152,541.1876831054688,280047.21875,0.554109696683954,0.9682607737701795,0.06829268292682927,0.05365853658536585,1.038048780487805,1.0,0.4926829268292683,0.024390243902439025,0.2546341463414634,0.17560975609756097,0.0,0.0050798258345428155,HSC,0.06508144690041698
10,21.506623219840147,21.615777745835505,416.40447998046875,98414.453125,0.7512112403100775,0.9841732527972273,0.10126582278481013,0.0949367088607595,1.0506329113924051,1.0,0.5443037974683544,0.006329113924050633,0.20569620253164556,0.1962025316455696,0.0,0.0,ILC,0.06508144690041698
11,23.316981134207367,23.469141041528932,509.00970458984375,314132.5625,0.49488151323013707,0.9768898444238807,0.04619565217391304,0.043478260869565216,0.90625,1.0,0.37228260869565216,0.035326086956521736,0.23369565217391305,0.20380434782608695,0.1988543371522095,0.05198412698412699,Lymph prog,0.06508144690041698
12,23.68254716536579,23.81854891352636,526.5253295898438,325988.3125,0.6016615187985941,0.9764575543553524,0.06470588235294118,0.06470588235294118,0.7905882352941177,1.0,0.38823529411764707,0.023529411764705882,0.12588235294117647,0.1,0.0,0.0,MK/E prog,0.06508144690041698
13,21.626004826782257,21.70887076284924,437.4113464355469,228523.375,0.462173758577771,0.9933979054449954,0.01250868658790827,0.010423905489923557,0.9797776233495483,1.0,0.2619874913134121,0.004864489228630994,0.12001389854065324,0.08686587908269632,0.0,0.04046952507244241,NK,0.06508144690041698
14,21.80912894413525,21.90708792748655,447.39312744140625,210702.828125,0.8264351137653821,0.9924314534842427,0.015136226034308779,0.015136226034308779,0.915640766902119,1.0,0.29364278506559033,0.0010090817356205853,0.1418768920282543,0.05852674066599395,0.0008056394763343406,0.01288362199939228,Naive CD20+ B,0.06508144690041698
15,21.88735046443316,22.000035735873844,430.01507568359375,76274.9296875,0.4476848235697157,0.9925811940975364,0.050445103857566766,0.050445103857566766,1.0379821958456974,1.0,0.8011869436201781,0.0,0.26943620178041544,0.05341246290801187,0.0,0.0005379236148466917,Normoblast,0.06508144690041698
16,22.063709503895524,22.211926536350088,450.7301025390625,270751.78125,0.6501182033096927,0.9457875457875458,0.20270270270270271,0.14864864864864866,1.0986486486486486,1.0,0.6081081081081081,0.17567567567567569,0.29324324324324325,0.43243243243243246,0.0,0.0058479532163742695,Plasma cell,0.06508144690041698
17,23.424249242967168,23.56155894273186,517.5979614257812,344537.46875,0.43276041636697365,0.9687868536755013,0.043010752688172046,0.023655913978494623,1.0823655913978496,1.0,0.43010752688172044,0.015053763440860216,0.27268817204301077,0.14408602150537633,0.047882136279926345,0.02722940776038121,Proerythroblast,0.06508144690041698
18,22.873887724055464,23.008493365890356,490.31072998046875,264437.6875,0.5124493260801775,0.9917576818857698,0.02564102564102564,0.029304029304029304,0.5926739926739927,1.0,0.48534798534798534,0.0,0.09908424908424909,0.0641025641025641,0.0,0.0002437538086532602,Transitional B,0.06508144690041698
19,23.568546506459132,23.746007788280327,519.6849365234375,288149.59375,0.4367865790383951,0.9730343126261494,0.08982035928143713,0.059880239520958084,0.8724550898203592,1.0,0.46107784431137727,0.0718562874251497,0.16407185628742516,0.18562874251497005,0.0,0.0073145245559038665,cDC2,0.06508144690041698
20,22.78440618515014,22.92007036409632,487.62115478515625,268450.625,0.3747436437701925,0.9649101711312371,0.07476635514018691,0.056074766355140186,1.1014018691588785,1.0,0.5327102803738317,0.037383177570093455,0.24906542056074765,0.21495327102803738,0.017699115044247787,0.014341590612777054,pDC,0.06508144690041698
21,22.024423902685005,22.139697803816723,454.6747741699219,235014.65625,0.7324675324675325,0.9898979591836735,0.04040404040404041,0.04292929292929293,1.0002525252525254,1.0,0.48737373737373735,0.0025252525252525255,0.10454545454545455,0.15151515151515152,0.0,0.0021712158808933,B1 B,0.06508144690041698
22,22.43087312277595,22.520683744324344,478.4563903808594,183790.75,0.7312591307856037,0.9892877409415533,0.009115770282588878,0.008204193254329991,1.0241112123974476,1.0,0.2912488605287147,0.0,0.2101640838650866,0.03190519598906107,0.1301287394646661,0.06207658321060383,CD14+ Mono,0.06508144690041698
23,22.67125352390149,22.7789487524304,483.71826171875,181560.203125,0.48749614592968515,0.982979365136489,0.03664921465968586,0.034031413612565446,0.9869109947643979,1.0,0.5052356020942408,0.0,0.24450261780104712,0.0549738219895288,0.0,0.007289468636102052,CD16+ Mono,0.06508144690041698
24,21.75302890136088,21.85166130506995,441.54974365234375,241328.75,0.4486770198963984,0.9937047865134918,0.015287769784172662,0.022482014388489208,0.9052158273381296,1.0,0.23471223021582735,0.019784172661870502,0.07796762589928058,0.18615107913669066,0.09357481673134972,0.05438409655662053,CD4+ T activated,0.06508144690041698
25,21.434957830444187,21.550212876595232,427.28802490234375,244089.546875,0.4760944471058115,0.9971687202262716,0.02491506228765572,0.01925254813137033,1.1932049830124576,1.0,0.29105322763306907,0.006795016987542469,0.07021517553793885,0.1664779161947905,0.0,0.02783751493428913,CD4+ T naive,0.06508144690041698
26,21.56880143087818,21.65768660915155,435.8617858886719,244908.515625,0.5712209473420697,0.9944204271679697,0.010300429184549357,0.006008583690987125,1.4716309012875537,1.0,0.2575107296137339,0.0034334763948497852,0.12128755364806867,0.12832618025751072,0.00019058509624547356,0.004896907216494845,CD8+ T,0.06508144690041698
27,21.840874531547414,21.96613333981162,443.7532958984375,311025.8125,0.38188209976426524,0.9949237270665842,0.10152284263959391,0.09644670050761421,1.0583756345177666,1.0,0.18274111675126903,0.04060913705583756,0.04568527918781726,0.10152284263959391,0.021153846153846155,0.002010050251256281,CD8+ T naive,0.06508144690041698
28,21.832529729349798,21.974025205926704,439.5279541015625,237146.1875,0.607712170989556,0.985230995823885,0.032586558044806514,0.019348268839103868,1.4010183299389003,1.0,0.554989816700611,0.006109979633401222,0.3979633401221996,0.06924643584521385,0.0680713128038898,0.07996681014364984,Erythroblast,0.06508144690041698
29,24.494344089342192,24.65674564609431,566.640380859375,321172.125,0.4261477045908184,0.9738952784503632,0.06956521739130435,0.05652173913043478,0.7895652173913044,1.0,0.5521739130434783,0.017391304347826087,0.1934782608695652,0.14347826086956522,0.0,0.013431013431013432,G/M prog,0.06508144690041698
30,23.62386367146562,23.77972647488748,528.1271362304688,265110.5625,0.47238983099316534,0.9707066136369049,0.06341463414634146,0.05853658536585366,0.9970731707317073,1.0,0.44878048780487806,0.02926829268292683,0.2648780487804878,0.1951219512195122,0.0,0.009938837920489297,HSC,0.06508144690041698
31,21.478040001060396,21.57662038302419,415.3859558105469,97281.1953125,0.7717037928958459,0.9841732527972273,0.08860759493670886,0.10126582278481013,0.9715189873417721,1.0,0.5316455696202531,0.0,0.20063291139240508,0.21518987341772153,0.0,0.0,ILC,0.06508144690041698
32,23.354393948679373,23.509133668034355,512.6199340820312,315675.90625,0.4885269976136155,0.9728060063255594,0.04619565217391304,0.03804347826086957,0.9222826086956522,1.0,0.3641304347826087,0.03804347826086957,0.25869565217391305,0.21739130434782608,0.12820512820512822,0.05328983143012508,Lymph prog,0.06508144690041698
33,23.90308491201961,24.064805711007683,536.4276733398438,335213.53125,0.7364845765972774,0.9735108510288351,0.06470588235294118,0.058823529411764705,0.8205882352941176,1.0,0.3764705882352941,0.03529411764705882,0.1464705882352941,0.12941176470588237,0.0,0.000835421888053467,MK/E prog,0.06508144690041698
34,21.629419788707814,21.71239378114375,437.3953552246094,230084.015625,0.4845809081959299,0.9930503940605258,0.0118137595552467,0.015288394718554551,0.823002084781098,1.0,0.2731063238359972,0.004864489228630994,0.1236275191104934,0.08895066018068103,0.0,0.03333193752355429,NK,0.06508144690041698
35,21.86321693424265,21.967372405036503,450.5025939941406,210492.734375,0.7968449936672379,0.9904128424834959,0.016145307769929364,0.010090817356205853,1.1371342078708375,1.0,0.29162462159434915,0.0010090817356205853,0.14510595358224018,0.06458123107971746,0.0016080402010050254,0.011561312423058396,Naive CD20+ B,0.06508144690041698
36,21.820244591030956,21.924635807525643,428.691162109375,74399.2578125,0.8516111419337224,0.9925811940975364,0.05341246290801187,0.05637982195845697,0.7080118694362019,1.0,0.8011869436201781,0.0,0.25964391691394656,0.04451038575667656,0.0,0.0,Normoblast,0.06508144690041698
37,22.208766705281022,22.396881716055056,461.0653991699219,276060.90625,0.7084318360914106,0.9526486585310114,0.21621621621621623,0.22972972972972974,0.9364864864864866,1.0,0.6621621621621622,0.14864864864864866,0.2864864864864865,0.44594594594594594,0.0,0.00974025974025974,Plasma cell,0.06508144690041698
38,23.55575205279936,23.698613336552324,521.6697998046875,345704.0625,0.47991113801825463,0.9687868536755013,0.03870967741935484,0.023655913978494623,1.1008602150537634,1.0,0.4150537634408602,0.01935483870967742,0.2843010752688172,0.14623655913978495,0.04143126177024482,0.021637122002085507,Proerythroblast,0.06508144690041698
39,23.0753423390371,23.233039845579054,498.07379150390625,268675.1875,0.7584036246690833,0.9926735994632674,0.027472527472527472,0.023809523809523808,0.9311355311355313,1.0,0.5018315018315018,0.0018315018315018315,0.10164835164835165,0.07326007326007326,0.0,0.0,Transitional B,0.06508144690041698
40,23.675765311646597,23.87419802013029,529.5579833984375,303100.53125,0.47777214334009466,0.9760341549169447,0.0718562874251497,0.059880239520958084,0.921556886227545,1.0,0.4251497005988024,0.023952095808383235,0.15449101796407186,0.16766467065868262,0.0,0.008691873098652759,cDC2,0.06508144690041698
41,23.370259253778194,23.527802589476366,513.2922973632812,283681.40625,0.4865986274162783,0.9649101711312371,0.102803738317757,0.07476635514018691,0.9967289719626168,1.0,0.48130841121495327,0.04205607476635514,0.2177570093457944,0.22897196261682243,0.009090909090909092,0.014341590612777054,pDC,0.06508144690041698
42,21.995578416670224,22.107051806305783,453.18988037109375,234394.59375,0.7187482004261391,0.9886348960351286,0.03787878787878788,0.04040404040404041,1.042929292929293,1.0,0.4595959595959596,0.0025252525252525255,0.09974747474747475,0.12878787878787878,0.0,0.0019900497512437814,B1 B,0.06508144690041698
43,22.510254421338427,22.602589888006136,482.32867431640625,186428.59375,0.5777716813796216,0.9888317887520366,0.0068368277119416595,0.009571558796718322,0.9666818596171377,1.0,0.2853236098450319,0.00045578851412944393,0.21112123974475844,0.033272561531449404,0.12950575994054256,0.061615937199140935,CD14+ Mono,0.06508144690041698
44,22.76851329753537,22.90151400920062,488.22674560546875,183259.671875,0.7866488491421033,0.982979365136489,0.031413612565445025,0.028795811518324606,0.9924083769633509,1.0,0.5078534031413613,0.005235602094240838,0.24267015706806283,0.05759162303664921,0.0,0.004664970313825275,CD16+ Mono,0.06508144690041698
45,21.71856566127255,21.81874548498607,440.0842590332031,238749.53125,0.464431298740132,0.9946041594554988,0.0170863309352518,0.01618705035971223,0.9658273381294965,1.0,0.2715827338129496,0.017985611510791366,0.09829136690647483,0.21223021582733814,0.08283160007297939,0.05763335377069283,CD4+ T activated,0.06508144690041698
46,21.481714099611835,21.592418415359592,428.69989013671875,244536.484375,0.4563880646385243,0.9960361778134336,0.028312570781426953,0.026047565118912798,1.004303510758777,1.0,0.25254813137032844,0.004530011325028313,0.06772366930917327,0.17893544733861835,0.0,0.027458033573141485,CD4+ T naive,0.06508144690041698
47,21.56058418044716,21.64667218228472,436.3114929199219,245444.828125,0.6002157454438335,0.9944204271679697,0.010300429184549357,0.008583690987124463,1.1776394849785408,1.0,0.26952789699570817,0.0017167381974248926,0.11515021459227469,0.12618025751072962,0.0,0.004449503311258278,CD8+ T,0.06508144690041698
48,21.708409522390625,21.832395313808426,435.8659973144531,296278.625,0.3611713936491307,0.9974619125841466,0.08121827411167512,0.1218274111675127,0.950253807106599,1.0,0.16243654822335024,0.06598984771573604,0.046192893401015234,0.1065989847715736,0.01932367149758454,0.0009182736455463729,CD8+ T naive,0.06508144690041698
49,21.790040864963856,21.915442737616807,436.289794921875,241165.03125,0.6141199071820992,0.985740482591523,0.026476578411405296,0.021384928716904276,1.1738289205702648,1.0,0.5407331975560081,0.0050916496945010185,0.39531568228105907,0.07026476578411406,0.05438247011952191,0.06351001939237233,Erythroblast,0.06508144690041698
50,24.13540067258087,24.298755609384905,546.5921630859375,312706.125,0.5551767656073295,0.9738952784503632,0.07391304347826087,0.05652173913043478,0.9213043478260871,1.0,0.5565217391304348,0.021739130434782608,0.2008695652173913,0.12173913043478261,0.0,0.015625,G/M prog,0.06508144690041698
51,23.396886397571098,23.54054225164991,517.304931640625,259014.890625,0.5259617405928106,0.9633655994043188,0.05365853658536585,0.06341463414634146,0.9019512195121951,1.0,0.4878048780487805,0.014634146341463415,0.2965853658536585,0.1951219512195122,0.0,0.0106544901065449,HSC,0.06508144690041698
52,21.647660158857516,21.757195958372023,422.6803283691406,98027.015625,0.6827145030898383,0.9841732527972273,0.0759493670886076,0.12025316455696203,0.8379746835443038,1.0,0.5759493670886076,0.0,0.21455696202531646,0.22151898734177214,0.0,0.0,ILC,0.06508144690041698
53,23.28003922752711,23.423819348507593,510.30657958984375,315416.5625,0.47659288208348016,0.9728060063255594,0.04619565217391304,0.04076086956521739,0.7592391304347826,1.0,0.3858695652173913,0.035326086956521736,0.2483695652173913,0.21195652173913043,0.19836065573770495,0.05847282733318047,Lymph prog,0.06508144690041698
54,23.507880856009102,23.638643111262944,519.0294189453125,310514.6875,0.762697304842693,0.9823474438406424,0.06470588235294118,0.06470588235294118,0.7929411764705883,1.0,0.36470588235294116,0.03529411764705882,0.11882352941176472,0.1,0.0,0.0,MK/E prog,0.06508144690041698
55,21.646478565473227,21.72794163995947,438.5207214355469,229163.8125,0.47763451675909163,0.992702877641295,0.01389854065323141,0.0118137595552467,0.9022932592077831,1.0,0.26337734537873525,0.001389854065323141,0.12988186240444752,0.08408617095205004,0.0,0.027388183324130313,NK,0.06508144690041698
56,21.857619124873523,21.96126645493449,449.0265197753906,210647.734375,0.6444717301944616,0.9914221741914214,0.018163471241170535,0.013118062563067608,0.9849646821392533,1.0,0.2815338042381433,0.0020181634712411706,0.14651866801210897,0.07366296670030273,0.0012072434607645875,0.012590744101633394,Naive CD20+ B,0.06508144690041698
57,21.973568545604678,22.092992108855395,434.29583740234375,74768.2734375,0.7493390313005024,0.9925811940975364,0.050445103857566766,0.04747774480712166,1.0908011869436203,1.0,0.8605341246290801,0.0,0.2673590504451039,0.04451038575667656,0.0,0.0,Normoblast,0.06508144690041698
58,22.112902770171292,22.264757199186445,459.2255554199219,274969.3125,0.5050701186623516,0.979721397579356,0.1891891891891892,0.1891891891891892,0.9594594594594595,1.0,0.6081081081081081,0.13513513513513514,0.27972972972972976,0.4189189189189189,0.0,0.0,Plasma cell,0.06508144690041698
59,23.530495885623367,23.673725272248948,519.9744873046875,343069.78125,0.4575746504135251,0.972021142666716,0.03870967741935484,0.023655913978494623,1.0513978494623657,1.0,0.4,0.015053763440860216,0.29096774193548386,0.14623655913978495,0.03551251008878128,0.03050397877984085,Proerythroblast,0.06508144690041698
60,22.894763150057926,23.038932454570116,492.6590576171875,264873.03125,0.4951587376871577,0.9926735994632674,0.027472527472527472,0.027472527472527472,0.7133699633699635,1.0,0.4835164835164835,0.0018315018315018315,0.09816849816849817,0.07142857142857142,0.0,0.0007806401249024201,Transitional B,0.06508144690041698
61,23.636305363592268,23.806813722692432,524.3368530273438,292625.53125,0.3674242424242425,0.9760341549169447,0.07784431137724551,0.059880239520958084,0.9179640718562875,1.0,0.41916167664670656,0.0658682634730539,0.17485029940119762,0.2155688622754491,0.0,0.010313708637730984,cDC2,0.06508144690041698
62,22.987828940988702,23.134944606508878,495.7194519042969,264755.5625,0.5976034657572127,0.9672546833672153,0.0794392523364486,0.06542056074766354,0.9677570093457946,1.0,0.5420560747663551,0.04205607476635514,0.22429906542056074,0.21495327102803738,0.017857142857142856,0.014106583072100314,pDC,0.06508144690041698
