,1-Wasserstein_PCA,2-Wasserstein_PCA,Linear_MMD_PCA,Poly_MMD_PCA,KNN identity,KNN identity PCA,precision,recall,density,coverage,precision_PCA,recall_PCA,density_PCA,coverage_PCA,KNN category,KNN category PCA,ct,global_f1
0,10.469980615558061,10.60247714148444,109.48563385009766,37092.90625,0.6917934061447382,0.9835814350297802,0.3686868686868687,0.5833333333333334,0.9588383838383839,0.9949494949494949,0.5732323232323232,0.047979797979797977,0.13106060606060607,0.08585858585858586,0.08045977011494253,0.04134526380746684,B1 B,0.41035493846755783
1,9.93419855034339,10.033943328420687,100.94314575195312,35564.9921875,0.6770623522079084,0.9801654026152162,0.39881494986326343,0.504102096627165,1.2677301731996353,0.9977210574293528,0.784412032816773,0.05104831358249772,0.28463992707383773,0.10300820419325434,0.17787901797013417,0.16404320987654322,CD14+ Mono,0.41035493846755783
2,10.584842075228057,10.748365711112628,115.50711822509766,28203.78515625,0.6772619509461615,0.9960732378826322,0.450261780104712,0.5863874345549738,1.1612565445026177,0.9973821989528796,0.32722513089005234,0.02617801047120419,0.05235602094240838,0.07853403141361257,0.13609671848013816,0.03709729905629677,CD16+ Mono,0.41035493846755783
3,9.762600613583764,9.848793860067866,99.97826385498047,10067.8388671875,0.6437740459729968,0.9878579226508747,0.26258992805755393,0.2805755395683453,1.2329136690647484,1.0,0.9316546762589928,0.014388489208633094,0.28039568345323745,0.06654676258992806,0.043888433141919606,0.09311512415349887,CD4+ T activated,0.41035493846755783
4,9.543972119334592,9.636851446554017,92.79556274414062,10919.53125,0.6852909260821538,0.9920719819403827,0.2808607021517554,0.3261608154020385,1.32876557191393,1.0,0.9490373725934315,0.004530011325028313,0.28493771234428084,0.0464326160815402,0.04032586558044806,0.06165947729002791,CD4+ T naive,0.41035493846755783
5,10.973949704354437,11.050090305063891,128.1829833984375,8602.939453125,0.4446330807981823,0.9924888466741502,0.12618025751072962,0.4669527896995708,0.23433476394849784,0.8759656652360515,0.6579399141630902,0.0034334763948497852,0.19107296137339058,0.035622317596566526,0.3311735061195104,0.08574942892286067,CD8+ T,0.41035493846755783
6,10.04874817126899,10.16316309962916,97.79618835449219,11607.5703125,0.7140783744557331,0.992385345332964,0.27411167512690354,0.4365482233502538,0.8121827411167513,1.0,0.1319796954314721,0.025380710659898477,0.019796954314720814,0.04568527918781726,0.03537735849056604,0.0,CD8+ T naive,0.41035493846755783
7,8.404743816847708,8.493690348123984,67.58997344970703,65631.0,0.3725580420953415,0.987779014211148,0.5641547861507128,0.7362525458248472,1.144297352342159,0.6680244399185336,0.7983706720977597,0.10590631364562118,0.194908350305499,0.07433808553971487,0.2430664573521716,0.16373056994818652,Erythroblast,0.41035493846755783
8,10.121087314771566,10.301916245946206,98.84510040283203,35039.6484375,0.7705119349144217,0.9520833333333334,0.5782608695652174,0.4260869565217391,0.8852173913043478,0.991304347826087,0.9434782608695652,0.2826086956521739,0.45956521739130435,0.3782608695652174,0.024793388429752067,0.07906558849955077,G/M prog,0.41035493846755783
9,10.005579074999186,10.185906894389761,87.93334197998047,44920.96875,0.7583626524744164,0.9239555100844208,0.775609756097561,0.47804878048780486,1.8990243902439028,1.0,0.9170731707317074,0.16585365853658537,0.6731707317073171,0.3170731707317073,0.034334763948497854,0.057809894385769875,HSC,0.41035493846755783
10,10.89882361134396,11.060563764886103,116.66998291015625,12710.474609375,0.6201135845458692,0.9905062340393571,0.24050632911392406,0.5949367088607594,0.5569620253164558,1.0,0.13291139240506328,0.06329113924050633,0.02848101265822785,0.0759493670886076,0.0,0.0,ILC,0.41035493846755783
11,9.818985312529238,10.023377968362741,94.81217956542969,37240.421875,0.7676282968529305,0.9400220768541224,0.4891304347826087,0.46195652173913043,0.9130434782608696,0.9918478260869565,0.9211956521739131,0.18206521739130435,0.5855978260869565,0.36141304347826086,0.058333333333333334,0.15759312320916904,Lymph prog,0.41035493846755783
12,10.197944857092464,10.404563251471702,112.54121398925781,43863.19921875,0.7907692307692308,0.9587721729490022,0.6058823529411764,0.5529411764705883,0.9382352941176472,1.0,0.8117647058823529,0.36470588235294116,0.2523529411764706,0.34705882352941175,0.03350970017636684,0.07464114832535884,MK/E prog,0.41035493846755783
13,10.475851529169768,10.568547216805854,116.37259674072266,15619.861328125,0.6216059274451161,0.993745412046517,0.22585128561501042,0.4600416956219597,0.6325225851285615,0.9874913134120917,0.49687282835302293,0.005559416261292564,0.11507991660875608,0.04586518415566365,0.08071095571095571,0.08060488834183226,NK,0.41035493846755783
14,10.873656980685844,10.983886229878332,122.29938507080078,55086.71875,0.6394938046001759,0.9873847795009668,0.31180625630676084,0.5782038345105953,0.46579212916246215,0.9667003027245207,0.49848637739656915,0.035317860746720484,0.11816347124117053,0.09182643794147326,0.15715555555555555,0.16253016201309894,Naive CD20+ B,0.41035493846755783
15,9.807242435942072,9.899227010097412,93.95935821533203,70988.3359375,0.39227275168392284,1.0,0.5014836795252225,0.7537091988130564,0.6311572700296737,0.9376854599406528,0.06824925816023739,0.02373887240356083,0.00830860534124629,0.02373887240356083,0.2922222222222222,0.15682281059063136,Normoblast,0.41035493846755783
16,9.667665517007983,9.803500503023892,80.29792022705078,6895.5126953125,0.84424616792496,0.9593927199561003,0.6486486486486487,0.33783783783783783,1.7743243243243243,1.0,0.9459459459459459,0.04054054054054054,0.3067567567567568,0.16216216216216217,0.2012578616352201,0.04255319148936171,Plasma cell,0.41035493846755783
17,11.589863276737994,11.738176340653968,132.67425537109375,91596.3671875,0.7608099851619097,0.9784865645125471,0.5849462365591398,0.6279569892473118,0.9503225806451614,0.9526881720430107,0.7053763440860215,0.2086021505376344,0.19440860215053765,0.1870967741935484,0.028742514970059883,0.07142857142857142,Proerythroblast,0.41035493846755783
18,11.288896309150443,11.412511218680768,128.29440307617188,52735.875,0.6513928576088517,0.9880935506732813,0.315018315018315,0.7051282051282052,0.5225274725274726,0.9597069597069597,0.7692307692307693,0.023809523809523808,0.20274725274725275,0.06776556776556776,0.15787139689578716,0.09325842696629214,Transitional B,0.41035493846755783
19,9.7705220248171,9.955090997458932,82.76557922363281,30583.818359375,0.6572811055569676,0.9277707695080195,0.6407185628742516,0.47904191616766467,0.8293413173652695,0.9940119760479041,0.8922155688622755,0.31736526946107785,0.4353293413173653,0.41916167664670656,0.06570512820512821,0.2481203007518797,cDC2,0.41035493846755783
20,10.1564079823895,10.341779260956274,95.53836822509766,59837.578125,0.7656181547358276,0.927188115660482,0.6588785046728972,0.5654205607476636,1.2719626168224298,0.9766355140186916,0.9672897196261683,0.12149532710280374,0.6570093457943926,0.2803738317757009,0.13580246913580246,0.10451045104510451,pDC,0.41035493846755783
21,10.516151941785909,10.638134767278709,112.84305572509766,37070.375,0.7167653313408817,0.9848450057405281,0.32575757575757575,0.6035353535353535,0.7906565656565657,0.9974747474747475,0.5606060606060606,0.03787878787878788,0.12348484848484849,0.07828282828282829,0.08508946322067594,0.04187192118226601,B1 B,0.41035493846755783
22,9.894949612882659,9.995246888885807,100.8714370727539,35406.21484375,0.6779841848287951,0.9808501949831201,0.4261622607110301,0.4649042844120328,1.4704649042844122,0.9995442114858706,0.7771194165907019,0.04968094804010939,0.2860072926162261,0.09617137648131267,0.14771573604060914,0.1405748685211524,CD14+ Mono,0.41035493846755783
23,10.569857024397516,10.723081787426773,116.29379272460938,29526.9765625,0.6844333308767703,0.993455396471054,0.43717277486910994,0.6204188481675392,0.9531413612565445,0.9947643979057592,0.34293193717277487,0.05759162303664921,0.05,0.08900523560209424,0.1746166950596252,0.047832585949177886,CD16+ Mono,0.41035493846755783
24,9.671057266725908,9.761901267941909,99.4451675415039,9626.755859375,0.6708501469857632,0.9878579226508747,0.2841726618705036,0.31564748201438847,1.0591726618705035,1.0,0.935251798561151,0.017985611510791366,0.2886690647482015,0.07553956834532374,0.04500818330605564,0.12224753227031131,CD4+ T activated,0.41035493846755783
25,9.39798738705343,9.479188955351056,91.27135467529297,10647.740234375,0.6740946580063327,0.9915056159454564,0.27746319365798416,0.3420158550396376,1.3537938844847113,0.9988674971687429,0.9558323895809739,0.010192525481313703,0.291845979614949,0.045300113250283124,0.04359233097880928,0.059854201304514645,CD4+ T naive,0.41035493846755783
26,11.14601807144066,11.223995005623351,130.97752380371094,9243.171875,0.4304345707913365,0.9922742170322383,0.11330472103004292,0.4879828326180258,0.20218884120171673,0.8163090128755365,0.6283261802575107,0.005579399141630901,0.18236051502145922,0.03476394849785408,0.19844290657439448,0.08295977526746758,CD8+ T,0.41035493846755783
27,9.94343277403546,10.055716409684717,93.69055938720703,10494.087890625,0.652072505679252,0.9949237270665842,0.3096446700507614,0.4517766497461929,0.7253807106598985,0.9847715736040609,0.1218274111675127,0.06091370558375635,0.020304568527918784,0.05583756345177665,0.01715686274509804,0.0,CD8+ T naive,0.41035493846755783
28,8.39241964632527,8.472131470750659,70.19285583496094,70556.8125,0.35666368416119165,0.9872696843478046,0.5743380855397149,0.7138492871690427,1.1317718940936865,0.7321792260692465,0.7403258655804481,0.09877800407331976,0.18116089613034625,0.06415478615071284,0.32462556600487635,0.24664602683178533,Erythroblast,0.41035493846755783
29,10.071041637918224,10.289072035592737,92.85182189941406,31017.91015625,0.8325129209046761,0.9477272727272728,0.6130434782608696,0.40869565217391307,1.2678260869565219,0.9956521739130435,0.9173913043478261,0.30869565217391304,0.49869565217391304,0.4,0.021399176954732514,0.07576449109995438,G/M prog,0.41035493846755783
30,10.145576677089789,10.351687729339151,96.30915832519531,48255.51953125,0.7536453468656859,0.919049413960835,0.7609756097560976,0.4195121951219512,1.7370731707317075,0.9951219512195122,0.9365853658536586,0.17560975609756097,0.6780487804878049,0.3121951219512195,0.03857745629897529,0.06469002695417789,HSC,0.41035493846755783
31,11.23422775841967,11.406928578143942,123.23992156982422,14091.7587890625,0.6088736551461487,0.9968354113464524,0.23417721518987342,0.7025316455696202,0.4316455696202532,1.0,0.0949367088607595,0.10759493670886076,0.018987341772151903,0.0759493670886076,0.0,0.0,ILC,0.41035493846755783
32,9.907375454902636,10.103075763347098,94.88558197021484,37848.49609375,0.7548816587313548,0.9427483460880259,0.46467391304347827,0.5407608695652174,0.6421195652173913,0.9836956521739131,0.875,0.20380434782608695,0.5478260869565218,0.3804347826086957,0.06295399515738499,0.11762589928057553,Lymph prog,0.41035493846755783
33,10.262907676135795,10.45639277238294,102.80728912353516,39230.8359375,0.737579242223205,0.9617087264253104,0.5647058823529412,0.5352941176470588,1.03,0.9941176470588236,0.8235294117647058,0.2647058823529412,0.2623529411764706,0.3352941176470588,0.02872260015117158,0.05219780219780219,MK/E prog,0.41035493846755783
34,10.59052489117005,10.69123419324864,120.3686294555664,16028.115234375,0.5726610174579417,0.9930503940605258,0.2050034746351633,0.46143154968728284,0.494649061848506,0.9833217512161223,0.48783877692842254,0.009728978457261988,0.11904100069492703,0.04447533009034051,0.0635885447106955,0.0976981654551748,NK,0.41035493846755783
35,10.850499480812402,10.962157628100716,120.29297637939453,52658.48046875,0.6161617814728138,0.9883942571609184,0.2976791120080727,0.5893037336024218,0.41725529767911207,0.9727547931382442,0.5105953582240161,0.04238143289606458,0.12209889001009083,0.09485368314833502,0.18756698821007503,0.16146375303503294,Naive CD20+ B,0.41035493846755783
36,10.087147767890462,10.197343927775185,99.18924713134766,79166.3984375,0.444858997436317,1.0,0.5459940652818991,0.744807121661721,0.5801186943620178,0.8902077151335311,0.0712166172106825,0.01483679525222552,0.008011869436201781,0.020771513353115726,0.2884399551066218,0.13763440860215054,Normoblast,0.41035493846755783
37,9.744891121580794,9.8736381622722,84.2909927368164,7307.5146484375,0.8647660818713451,0.9457875457875458,0.581081081081081,0.32432432432432434,1.7162162162162162,1.0,0.972972972972973,0.05405405405405406,0.2918918918918919,0.17567567567567569,0.1509433962264151,0.03977272727272727,Plasma cell,0.41035493846755783
38,11.39796914387774,11.551590156234393,134.22903442382812,87537.6796875,0.7613388157398172,0.974176350535216,0.6236559139784946,0.5440860215053763,1.0840860215053765,0.9397849462365592,0.7505376344086021,0.11612903225806452,0.2131182795698925,0.16559139784946236,0.02,0.06576862123613313,Proerythroblast,0.41035493846755783
39,10.985290048759943,11.099049438077678,119.05213928222656,47151.21484375,0.6592051994263204,0.9862611439484869,0.3498168498168498,0.6813186813186813,0.5380952380952382,0.9816849816849816,0.7509157509157509,0.014652014652014652,0.20549450549450549,0.0641025641025641,0.14982817869415804,0.09875862068965517,Transitional B,0.41035493846755783
40,10.292478697028697,10.486930929491205,98.796875,39942.78125,0.7051376564277587,0.9308644197453089,0.5688622754491018,0.5149700598802395,0.8467065868263474,1.0,0.8862275449101796,0.25149700598802394,0.3916167664670659,0.38922155688622756,0.0644122383252818,0.2527881040892193,cDC2,0.41035493846755783
41,9.885673957450367,10.067311818528674,94.08604431152344,58473.828125,0.8059465866941982,0.946106046919055,0.6869158878504673,0.5186915887850467,1.3205607476635515,0.9813084112149533,0.9766355140186916,0.14018691588785046,0.7799065420560748,0.3037383177570093,0.0728476821192053,0.13511611541168192,pDC,0.41035493846755783
42,10.586948574191394,10.698536668980134,114.67668151855469,38337.78125,0.6923404736577268,0.9886348960351286,0.3383838383838384,0.6338383838383839,0.5487373737373737,0.9873737373737373,0.5656565656565656,0.03535353535353535,0.11868686868686869,0.06565656565656566,0.097131931166348,0.04823614110871131,B1 B,0.41035493846755783
43,9.941242907627553,10.039654256489728,102.10314178466797,35912.4140625,0.6668650576725155,0.9794808848845012,0.43527803099361895,0.4817684594348222,1.4053783044667274,0.9977210574293528,0.7716499544211486,0.043299908842297175,0.29466727438468554,0.09708295350957157,0.14790398918187966,0.19671067871206857,CD14+ Mono,0.41035493846755783
44,10.33204409963798,10.49552174690965,108.71615600585938,26258.1640625,0.7187852602030987,0.9908369271151911,0.4424083769633508,0.5785340314136126,1.0965968586387436,1.0,0.3795811518324607,0.05759162303664921,0.06099476439790576,0.08115183246073299,0.16313932980599646,0.05224429727740987,CD16+ Mono,0.41035493846755783
45,9.654846648946943,9.739048440784325,97.67890167236328,9335.025390625,0.6458052439141329,0.9878579226508747,0.28507194244604317,0.2814748201438849,1.164568345323741,1.0,0.9460431654676259,0.015287769784172662,0.2819244604316547,0.06654676258992806,0.04049586776859504,0.09399551066217733,CD4+ T activated,0.41035493846755783
46,9.475506303804506,9.561765013128843,89.715576171875,10083.501953125,0.6617932893966185,0.9915056159454564,0.27746319365798416,0.3261608154020385,1.4402038505096264,0.9988674971687429,0.9501698754246886,0.007927519818799546,0.28471121177802944,0.04077010192525481,0.05583501006036218,0.08036199095022624,CD4+ T naive,0.41035493846755783
47,11.071220624191064,11.149651121046986,129.57012939453125,8832.580078125,0.44707941023730496,0.992918099790504,0.13218884120171673,0.4759656652360515,0.16175965665236053,0.6536480686695278,0.6497854077253219,0.0038626609442060085,0.18639484978540774,0.03648068669527897,0.16529640848117697,0.07762605042016807,CD8+ T,0.41035493846755783
48,10.055106518837395,10.142420295228826,99.05387115478516,11726.3447265625,0.7033132530120483,0.9949237270665842,0.2233502538071066,0.4416243654822335,0.6852791878172589,0.9949238578680203,0.09644670050761421,0.030456852791878174,0.013705583756345178,0.04568527918781726,0.03317535545023697,0.0,CD8+ T naive,0.41035493846755783
49,8.432998529519686,8.524062601107673,70.49312591552734,70258.40625,0.3650758795686332,0.987779014211148,0.5631364562118126,0.7230142566191446,1.139409368635438,0.7484725050916496,0.7932790224032586,0.06822810590631365,0.19307535641547863,0.07128309572301425,0.32551676220253606,0.24625322997416021,Erythroblast,0.41035493846755783
50,10.25681588235108,10.44950461740086,93.50910949707031,30569.263671875,0.7978021978021977,0.9455386699122461,0.5217391304347826,0.4391304347826087,1.1269565217391306,0.9956521739130435,0.9217391304347826,0.30869565217391304,0.45217391304347826,0.40869565217391307,0.011904761904761904,0.06511254019292605,G/M prog,0.41035493846755783
51,9.771511754757025,9.945459594188401,92.54248809814453,45853.12109375,0.7547846889952153,0.9115129133593918,0.7365853658536585,0.2926829268292683,2.1278048780487806,0.9951219512195122,0.9609756097560975,0.23414634146341465,0.731219512195122,0.37073170731707317,0.05240174672489083,0.05587121212121211,HSC,0.41035493846755783
52,10.696301538732994,10.834097825673549,108.78044128417969,11694.8994140625,0.7119993590192994,0.9968354113464524,0.25316455696202533,0.6329113924050633,0.6360759493670887,1.0,0.11392405063291139,0.0,0.017721518987341773,0.06962025316455696,0.0,0.0,ILC,0.41035493846755783
53,9.834723626789843,10.043524324036674,92.04790496826172,35921.5625,0.7806957638615135,0.9400029642804208,0.48641304347826086,0.5679347826086957,0.7361413043478261,0.9836956521739131,0.9347826086956522,0.1956521739130435,0.5964673913043479,0.3451086956521739,0.04859636706770465,0.1160844250363901,Lymph prog,0.41035493846755783
54,10.237697587293741,10.431188395892402,115.81723022460938,45469.46484375,0.6761904761904762,0.9557963163596968,0.6058823529411764,0.5823529411764706,0.6247058823529412,0.9764705882352941,0.8294117647058824,0.27058823529411763,0.26882352941176474,0.3352941176470588,0.03350970017636684,0.05825242718446602,MK/E prog,0.41035493846755783
55,10.427626254576772,10.526268825053014,114.53927612304688,15354.318359375,0.6668382737951031,0.9933979054449954,0.22307157748436415,0.41904100069492706,0.8172341904100069,0.9979152189020153,0.5149409312022237,0.004864489228630994,0.12230715774843642,0.04169562195969423,0.05380730380730381,0.09779507133592737,NK,0.41035493846755783
56,10.865834584029253,10.973859532031412,124.04621124267578,55871.9453125,0.6909882254091846,0.9878892434035992,0.29969727547931385,0.5580221997981837,0.5766902119071645,0.987891019172553,0.5065590312815338,0.027245206861755803,0.11755802219979819,0.08779011099899092,0.15677890611081416,0.16002098635886672,Naive CD20+ B,0.41035493846755783
57,9.901900499440089,9.99990900320879,96.47264099121094,75525.34375,0.3732771997079226,1.0,0.4896142433234421,0.7388724035608308,0.6851632047477745,0.9198813056379822,0.0771513353115727,0.017804154302670624,0.010089020771513354,0.026706231454005934,0.2940851299060255,0.20533880903490756,Normoblast,0.41035493846755783
58,9.435183228673164,9.54772735096729,77.67304992675781,6014.98974609375,0.8231617647058824,0.9389634788984099,0.6756756756756757,0.35135135135135137,1.9121621621621623,1.0,0.972972972972973,0.08108108108108109,0.3283783783783784,0.1891891891891892,0.23391812865497078,0.04540023894862604,Plasma cell,0.41035493846755783
59,11.848761346263263,12.029148679751275,142.92831420898438,93905.1953125,0.7984939476346127,0.9731112845866945,0.6,0.5591397849462365,0.9565591397849463,0.9311827956989247,0.6924731182795699,0.26021505376344084,0.18000000000000002,0.17204301075268819,0.012345679012345678,0.0817099567099567,Proerythroblast,0.41035493846755783
60,11.1096226548974,11.229122058156813,123.41732025146484,49565.78125,0.677810990636841,0.9853448391555835,0.33516483516483514,0.6868131868131868,0.5155677655677656,0.9706959706959707,0.7564102564102564,0.038461538461538464,0.21501831501831503,0.08058608058608059,0.11023622047244094,0.10566037735849057,Transitional B,0.41035493846755783
61,10.024880073741533,10.221134996015358,92.23739624023438,35196.6875,0.643001800180018,0.9338447133390952,0.5449101796407185,0.49101796407185627,0.9185628742514971,0.9940119760479041,0.874251497005988,0.2934131736526946,0.4047904191616767,0.4431137724550898,0.09068627450980392,0.24173027989821882,cDC2,0.41035493846755783
62,9.912060508104128,10.099665574264026,93.49447631835938,57435.265625,0.7707827835705073,0.9295604660858878,0.677570093457944,0.5327102803738317,1.2126168224299068,0.9906542056074766,0.9672897196261683,0.1261682242990654,0.752803738317757,0.2897196261682243,0.15814696485623003,0.18916256157635467,pDC,0.41035493846755783
