,1-Wasserstein_PCA,2-Wasserstein_PCA,Linear_MMD_PCA,Poly_MMD_PCA,KNN identity,KNN identity PCA,precision,recall,density,coverage,precision_PCA,recall_PCA,density_PCA,coverage_PCA,KNN category,KNN category PCA,ct,global_f1
0,3.7739294100073724,3.8170328816398285,13.789386749267578,715.401123046875,0.6900731195956817,0.9962401232561098,0.03731343283582089,0.15656565656565657,0.6034825870646766,1.0,0.14427860696517414,0.05303030303030303,0.019900497512437814,0.05808080808080808,0.004889975550122249,0.046714691115476964,B1 B,0.09723187079461444
1,3.391684765250286,3.414800967476875,11.354427337646484,389.5596618652344,0.6945543263687008,0.9981970782755651,0.011586452762923352,0.07793983591613492,0.17994652406417114,1.0,0.20588235294117646,0.0,0.034224598930481284,0.018231540565177756,0.1347668347933811,0.11297020029311187,CD14+ Mono,0.09723187079461444
2,3.465949029653936,3.497598514411362,11.712760925292969,385.99114990234375,0.724800285625028,0.9960100667995466,0.04054054054054054,0.20157068062827224,0.33135135135135135,1.0,0.8027027027027027,0.03926701570680628,0.16324324324324324,0.034031413612565446,0.009498680738786281,0.0,CD16+ Mono,0.09723187079461444
3,3.4178976921152358,3.4419993436660388,11.963173866271973,252.00949096679688,0.6471602544085987,0.9958567126361049,0.07163053722902922,0.16546762589928057,0.39547596606974555,1.0,0.7172478793590952,0.01079136690647482,0.09114043355325166,0.026079136690647483,0.2291985706993364,0.06433396080168309,CD4+ T activated,0.09723187079461444
4,3.430355050136446,3.4540730299235123,11.617050170898438,251.03921508789062,0.6181102663252948,0.998325454309292,0.0858085808580858,0.2718006795016987,0.19207920792079208,0.9932049830124575,0.1562156215621562,0.011325028312570781,0.017491749174917495,0.01698754246885617,0.01319148936170213,0.026632522407170293,CD4+ T naive,0.09723187079461444
5,3.647869939574477,3.6735697683491373,13.412827491760254,483.1392822265625,0.7044274137282125,0.9982880030891415,0.07383696116090482,0.29484978540772533,0.12198036705078959,0.9506437768240343,0.09475032010243278,0.002145922746781116,0.014084507042253523,0.012875536480686695,0.02376555600160578,0.12959754797441364,CD8+ T,0.09723187079461444
6,3.4239793547279245,3.455530532683223,11.553873062133789,273.99127197265625,0.5989182157406456,0.9900871058765797,0.14009661835748793,0.4416243654822335,0.2536231884057971,0.949238578680203,0.4251207729468599,0.05583756345177665,0.05603864734299518,0.06598984771573604,0.0,0.045299145299145305,CD8+ T naive,0.09723187079461444
7,4.9612375316864386,5.0018509060622245,24.282739639282227,6354.947265625,0.7390707118967988,0.984401913996638,0.018867924528301886,0.23319755600814665,0.004369414101290963,0.015274949083503055,0.7199602780536246,0.03054989816700611,0.23435948361469713,0.06619144602851323,0.06819378620326488,0.24402643619725473,Erythroblast,0.09723187079461444
8,3.623280941953727,3.6589991400222206,11.773743629455566,284.46185302734375,0.6205040898594967,0.9851743392035964,0.02880658436213992,0.2565217391304348,0.26337448559670784,1.0,0.5308641975308642,0.08695652173913043,0.13497942386831277,0.16956521739130434,0.0,0.16,G/M prog,0.09723187079461444
9,3.4763961376698003,3.5244502109651172,11.494714736938477,222.52926635742188,0.5022874880980949,0.9739625601904454,0.05555555555555555,0.15121951219512195,0.6777777777777778,1.0,0.6888888888888889,0.13170731707317074,0.23333333333333336,0.23902439024390243,0.0,0.13034095813552007,HSC,0.09723187079461444
10,3.722287897266283,3.7612356564271816,12.686820983886719,247.1678924560547,0.7072646557619042,1.0,0.11842105263157894,0.569620253164557,0.07236842105263158,0.4936708860759494,0.125,0.006329113924050633,0.013157894736842105,0.05063291139240506,0.0,0.0,ILC,0.09723187079461444
11,4.087259774780204,4.151020585478053,17.122610092163086,1699.41162109375,0.6530331457160725,0.9849307999061694,0.21823204419889503,0.26358695652173914,0.09419889502762431,0.4592391304347826,0.585635359116022,0.07065217391304347,0.2196132596685083,0.22826086956521738,0.07327586206896551,0.19044862518089722,Lymph prog,0.09723187079461444
12,3.723650563708693,3.7791048644832013,13.912381172180176,882.3480834960938,0.35132256346529384,0.9769627962399046,0.05056179775280899,0.3941176470588235,0.35337078651685394,1.0,0.9662921348314607,0.18235294117647058,0.2539325842696629,0.18823529411764706,0.0,0.10089686098654709,MK/E prog,0.09723187079461444
13,3.553446258300956,3.57845529438452,12.730082511901855,360.30047607421875,0.6689538282600052,0.9960765145156247,0.04904831625183016,0.15774843641417652,0.31339677891654466,0.9645587213342599,0.14714494875549047,0.002779708130646282,0.03506588579795022,0.019457956914523976,0.010548823948681398,0.13630463003028992,NK,0.09723187079461444
14,3.825570352748379,3.8621513197181048,15.528141975402832,1026.4066162109375,0.6864678696971245,0.9935388902317472,0.009784735812133072,0.2209889001009082,0.05244618395303327,0.44601412714429867,0.3522504892367906,0.004036326942482341,0.05,0.039354187689202826,0.0059694364851957974,0.11594684385382059,Naive CD20+ B,0.09723187079461444
15,4.380191924215968,4.409374729869525,19.19791603088379,1908.187255859375,0.7096447955689081,0.9893262670990086,0.02821316614420063,0.3916913946587537,0.11755485893416928,0.8367952522255193,0.5799373040752351,0.01483679525222552,0.13448275862068967,0.04451038575667656,0.0,0.00923076923076923,Normoblast,0.09723187079461444
16,3.360250100806666,3.4021567588688604,9.511605262756348,160.75991821289062,0.48904944682772633,0.9863013698630138,0.18055555555555555,0.3783783783783784,0.7208333333333333,1.0,0.75,0.21621621621621623,0.1875,0.1891891891891892,0.0,0.017094017094017096,Plasma cell,0.09723187079461444
17,4.759596350380986,4.840045052784754,23.887313842773438,6213.05615234375,0.693548464652876,0.957445517339854,0.2168141592920354,0.2623655913978495,0.15221238938053097,1.0,0.5907079646017699,0.17849462365591398,0.2274336283185841,0.1913978494623656,0.07538389948813402,0.23380447585394584,Proerythroblast,0.09723187079461444
18,4.458348719344223,4.507302701108021,20.019126892089844,3158.786376953125,0.628291361622512,0.992619926199262,0.031598513011152414,0.3021978021978022,0.014498141263940521,0.12637362637362637,0.1821561338289963,0.056776556776556776,0.0345724907063197,0.05860805860805861,0.0,0.01871345029239766,Transitional B,0.09723187079461444
19,3.6758191331799823,3.7199026952337806,11.136807441711426,407.2828674316406,0.4256512937863052,0.9822884012539186,0.03488372093023256,0.39520958083832336,0.2093023255813954,1.0,0.5116279069767442,0.19161676646706588,0.13430232558139535,0.23952095808383234,0.0,0.07389162561576355,cDC2,0.09723187079461444
20,3.6441343234955106,3.6941754762238737,12.389016151428223,390.3215026855469,0.6021799746514576,0.9903078944898152,0.04522613065326633,0.21962616822429906,0.4773869346733668,1.0,0.4321608040201005,0.16822429906542055,0.12110552763819096,0.22897196261682243,0.0,0.13937621832358674,pDC,0.09723187079461444
21,3.7899511989427768,3.824456331297122,14.062100410461426,722.3865966796875,0.7492510261741032,0.9987662040312115,0.014457831325301205,0.3005050505050505,0.09879518072289156,0.696969696969697,0.11566265060240964,0.020202020202020204,0.015180722891566266,0.05555555555555555,0.004750593824228029,0.053875236294896024,B1 B,0.09723187079461444
22,3.408404307891077,3.4303521554582037,11.608451843261719,401.1239013671875,0.691438555839432,0.9981429165562286,0.013711583924349883,0.08158614402917047,0.1511111111111111,1.0,0.20425531914893616,0.0009115770282588879,0.033569739952718676,0.018687329079307202,0.16033994334277618,0.10020768431983385,CD14+ Mono,0.09723187079461444
23,3.526220799673599,3.556609093626038,11.925814628601074,412.8682861328125,0.7156997267471179,0.9948808588635769,0.0325,0.2094240837696335,0.11599999999999999,0.7539267015706806,0.76,0.04450261780104712,0.14825,0.03926701570680628,0.012195121951219514,0.000831255195344971,CD16+ Mono,0.09723187079461444
24,3.369831471994006,3.395762489542083,11.256272315979004,236.6155242919922,0.66169956168681,0.9959312764220248,0.06181818181818182,0.18345323741007194,0.24945454545454548,0.9928057553956835,0.7154545454545455,0.0044964028776978415,0.09036363636363637,0.023381294964028777,0.18087649402390438,0.07584830339321358,CD4+ T activated,0.09723187079461444
25,3.3965475633650524,3.418683199069075,11.413151741027832,240.1403045654297,0.5201951951951953,0.9988523864830485,0.07906976744186046,0.2276330690826727,0.31348837209302327,0.9728199320498301,0.17674418604651163,0.0011325028312570782,0.020000000000000004,0.01812004530011325,0.00909090909090909,0.02623247399366802,CD4+ T naive,0.09723187079461444
26,3.662499643196066,3.687269257908046,13.74980354309082,507.5219421386719,0.7023871505131544,0.9982694538579051,0.08024422154382904,0.27639484978540774,0.10889664195377236,0.648068669527897,0.09594417793283908,0.002145922746781116,0.014042738770170083,0.014592274678111588,0.025938009787928224,0.15139252558914545,CD8+ T,0.09723187079461444
27,3.315573877277132,3.3461872066188394,10.813667297363281,245.0345458984375,0.5276497695852534,0.9901098901098901,0.14903846153846154,0.467005076142132,0.16009615384615386,0.8020304568527918,0.40384615384615385,0.02030456852791878,0.05576923076923077,0.050761421319796954,0.0,0.05039239983477902,CD8+ T naive,0.09723187079461444
28,5.246087636052884,5.2908235899839715,28.636558532714844,8026.81591796875,0.7419299505596869,0.9828658172812136,0.019067796610169493,0.2769857433808554,0.05720338983050848,0.5254582484725051,0.698093220338983,0.051934826883910386,0.2145127118644068,0.06619144602851323,0.06409202958093672,0.24389582202930007,Erythroblast,0.09723187079461444
29,3.699797042744901,3.7392495361196962,12.268259048461914,295.53955078125,0.4434420276004435,0.9812942953410014,0.02766798418972332,0.4043478260869565,0.291304347826087,1.0,0.45849802371541504,0.4608695652173913,0.11699604743083003,0.1565217391304348,0.0,0.10589907604832978,G/M prog,0.09723187079461444
30,3.568427943222719,3.6093903373310847,11.478827476501465,230.1287384033203,0.6273037630268494,0.9828814015366678,0.029411764705882353,0.22439024390243903,0.08676470588235295,0.6097560975609756,0.6421568627450981,0.1024390243902439,0.2112745098039216,0.25365853658536586,0.0,0.1829787234042553,HSC,0.09723187079461444
31,3.542101771601962,3.578416572189402,11.615931510925293,200.22645568847656,0.7627937538651824,1.0,0.12121212121212122,0.5,0.31393939393939396,1.0,0.10303030303030303,0.06329113924050633,0.011515151515151516,0.03164556962025317,0.0,0.0,ILC,0.09723187079461444
32,4.088169466594299,4.16316710330966,16.542428970336914,1663.413330078125,0.6642006704427234,0.974534075678275,0.2559366754617414,0.21195652173913043,0.2548812664907652,1.0,0.5936675461741425,0.07608695652173914,0.21398416886543536,0.23369565217391305,0.07123098201936377,0.2360724233983287,Lymph prog,0.09723187079461444
33,3.6312870238774364,3.6781496248322925,13.74724292755127,801.4363403320312,0.448511050240366,0.9819270549809471,0.09259259259259259,0.35294117647058826,0.4376543209876544,1.0,0.9629629629629629,0.12352941176470589,0.26419753086419756,0.18235294117647058,0.0,0.11611374407582939,MK/E prog,0.09723187079461444
34,3.498500683143323,3.5216705060488094,12.122464179992676,338.6446533203125,0.6527784373000012,0.9958346666769479,0.049237170596393896,0.20152883947185546,0.2921636615811373,1.0,0.1539528432732316,0.0020847810979847115,0.03737864077669903,0.018068102849200834,0.007523873830423459,0.11877749479046075,NK,0.09723187079461444
35,3.8266291936885453,3.8623345790362142,15.840936660766602,1057.220947265625,0.6945045404457317,0.9919901861740511,0.00893743793445879,0.1977800201816347,0.20278053624627607,1.0,0.37636544190665344,0.011099899091826439,0.056107249255213515,0.04238143289606458,0.003689236111111111,0.11666946449555146,Naive CD20+ B,0.09723187079461444
36,4.382935848907077,4.427400081505322,19.456981658935547,2028.8212890625,0.6620901093041855,0.989643134637061,0.032448377581120944,0.35014836795252224,0.22949852507374635,1.0,0.528023598820059,0.032640949554896145,0.13303834808259588,0.04747774480712166,0.0,0.011594202898550725,Normoblast,0.09723187079461444
37,3.3588260624206043,3.4017694124111526,10.517873764038086,184.86166381835938,0.5893593692894064,0.9860078277886497,0.18840579710144928,0.5135135135135135,0.6710144927536232,1.0,0.6376811594202898,0.5945945945945946,0.1681159420289855,0.24324324324324326,0.0,0.009259259259259259,Plasma cell,0.09723187079461444
38,4.709154251305669,4.786345514221163,23.025426864624023,6077.21923828125,0.6572974056807981,0.9601448640695067,0.2535496957403651,0.18064516129032257,0.2882352941176471,0.9741935483870968,0.5943204868154158,0.11827956989247312,0.22961460446247464,0.2064516129032258,0.0955137481910275,0.23351351351351352,Proerythroblast,0.09723187079461444
39,4.468011051602144,4.512196522882127,20.10141944885254,3139.07080078125,0.6327765316963759,0.9926061836085514,0.022388059701492536,0.2783882783882784,0.15055970149253733,1.0,0.16791044776119404,0.1575091575091575,0.029291044776119404,0.05860805860805861,0.0,0.019883040935672516,Transitional B,0.09723187079461444
40,3.7844150272597097,3.829906202785162,12.052831649780273,432.317626953125,0.38697318007662834,0.988474913065077,0.04419889502762431,0.41916167664670656,0.17403314917127075,1.0,0.46408839779005523,0.281437125748503,0.11325966850828731,0.19760479041916168,0.0,0.11383399209486167,cDC2,0.09723187079461444
41,3.707122844788177,3.7551582220911044,12.487792015075684,392.3855895996094,0.6282013344127746,0.9795497756091529,0.02643171806167401,0.24299065420560748,0.23524229074889869,1.0,0.45374449339207046,0.1588785046728972,0.1370044052863436,0.24766355140186916,0.0034934497816593883,0.14225589225589227,pDC,0.09723187079461444
42,3.742425898134442,3.7789328835825,13.551923751831055,686.7364501953125,0.7228932617912665,0.997554931932171,0.014184397163120567,0.25757575757575757,0.027186761229314422,0.2601010101010101,0.12056737588652482,0.05303030303030303,0.016548463356973995,0.05555555555555555,0.006187161639597834,0.051948051948051945,B1 B,0.09723187079461444
43,3.3889597743450794,3.4109444087403507,11.151063919067383,381.6604919433594,0.6768136136408586,0.9979489430580328,0.013673655423883319,0.0829535095715588,0.18204193254329992,1.0,0.203281677301732,0.0,0.03359161349134002,0.018231540565177756,0.13594242015294647,0.10024184805270618,CD14+ Mono,0.09723187079461444
44,3.4943280810751722,3.527198168640139,11.496038436889648,376.42877197265625,0.6935786116356606,0.9906275037685357,0.043835616438356165,0.21465968586387435,0.11452054794520548,0.6780104712041884,0.7506849315068493,0.01832460732984293,0.16164383561643836,0.03926701570680628,0.011702127659574468,0.0009107468123861565,CD16+ Mono,0.09723187079461444
45,3.375231211556522,3.401109442344502,11.371613502502441,236.51351928710938,0.6280387412113889,0.9964234666632559,0.06311111111111112,0.16636690647482014,0.5543111111111111,1.0,0.7262222222222222,0.0008992805755395684,0.09226666666666666,0.023381294964028777,0.18375780874579528,0.06646884272997032,CD4+ T activated,0.09723187079461444
46,3.4761031920878485,3.4982268418563995,11.807014465332031,261.5556640625,0.5870437354766699,0.9977661031409264,0.08039647577092511,0.2944507361268403,0.08568281938325992,0.5424688561721405,0.14537444933920704,0.009060022650056626,0.016189427312775333,0.013590033975084938,0.00946236559139785,0.03262672811059908,CD4+ T naive,0.09723187079461444
47,3.6732908906100468,3.6996740773503576,13.716135025024414,496.8831787109375,0.7003972435259941,0.9978165751544269,0.06441581519324745,0.2939914163090129,0.20710795202132384,0.9995708154506437,0.10839626832518881,0.005150214592274678,0.016437139049311416,0.013304721030042918,0.02514571190674438,0.18245953128775066,CD8+ T,0.09723187079461444
48,3.523336594781057,3.5615713182286823,11.918987274169922,299.2561950683594,0.5604718945176961,0.992600737496279,0.13875598086124402,0.5177664974619289,0.1784688995215311,1.0,0.4019138755980861,0.1319796954314721,0.05215311004784689,0.06091370558375635,0.003791469194312796,0.047619047619047616,CD8+ T naive,0.09723187079461444
49,5.267637189641313,5.304937193667752,28.307384490966797,7752.93310546875,0.7477204852959778,0.9835468228238136,0.01557632398753894,0.25967413441955195,0.002284527518172378,0.0050916496945010185,0.6978193146417445,0.04175152749490835,0.20249221183800625,0.06619144602851323,0.06650041562759768,0.3260831122900088,Erythroblast,0.09723187079461444
50,3.5942938388080576,3.6338379536352687,11.958227157592773,285.9202880859375,0.6295631000139712,0.9741143654114366,0.017094017094017096,0.3652173913043478,0.1405982905982906,0.8652173913043478,0.5470085470085471,0.13478260869565217,0.15512820512820513,0.18695652173913044,0.0,0.11295681063122924,G/M prog,0.09723187079461444
51,3.625198469276509,3.670392366112062,12.285476684570312,264.29254150390625,0.6471105896157232,0.9800497512437811,0.03571428571428571,0.28292682926829266,0.3510204081632653,1.0,0.6683673469387755,0.14634146341463414,0.22806122448979593,0.23902439024390243,0.0,0.22701949860724233,HSC,0.09723187079461444
52,3.6176636621848255,3.6475894580026162,11.94512939453125,221.2487335205078,0.6990920626801367,1.0,0.08536585365853659,0.5759493670886076,0.044512195121951224,0.34810126582278483,0.10975609756097561,0.0379746835443038,0.013414634146341465,0.05063291139240506,0.0,0.0,ILC,0.09723187079461444
53,3.9586252540687217,4.018947646775524,15.980963706970215,1445.3648681640625,0.5896943132607058,0.9781669794179847,0.2410958904109589,0.19021739130434784,0.2534246575342466,0.9945652173913043,0.6273972602739726,0.08695652173913043,0.24054794520547948,0.21195652173913043,0.05801621958827199,0.18840579710144928,Lymph prog,0.09723187079461444
54,3.6370927602266496,3.6922997811061187,12.064308166503906,644.43408203125,0.5279006882989183,0.9640705679862307,0.07926829268292683,0.32941176470588235,0.2981707317073171,1.0,0.9878048780487805,0.23529411764705882,0.2707317073170732,0.18823529411764706,0.0,0.10576923076923077,MK/E prog,0.09723187079461444
55,3.53042777036941,3.5549470281615365,12.169339179992676,343.3460998535156,0.6780659482095195,0.9965253228866043,0.04447533009034051,0.25156358582348853,0.040027797081306465,0.29881862404447534,0.1626129256428075,0.001389854065323141,0.041278665740097295,0.017373175816539264,0.006431956668923493,0.13642583470169678,NK,0.09723187079461444
56,3.9015244330936434,3.9378181346596306,16.176448822021484,1089.0343017578125,0.7052033402948366,0.9939452876395685,0.008072653884964682,0.18365287588294651,0.22421796165489405,1.0,0.35418768920282545,0.011099899091826439,0.048234106962663975,0.04137235116044399,0.002991026919242273,0.09313533932525725,Naive CD20+ B,0.09723187079461444
57,4.421844662848932,4.462167641127689,18.758628845214844,1847.4376220703125,0.7577858900416707,0.9910313700956296,0.0391566265060241,0.3353115727002967,0.17590361445783131,1.0,0.5753012048192772,0.06231454005934718,0.1322289156626506,0.04451038575667656,0.0,0.004477611940298508,Normoblast,0.09723187079461444
58,3.3782535729228553,3.424376389099026,10.928265571594238,183.927978515625,0.5277898393399912,0.9862062404870624,0.15492957746478872,0.527027027027027,0.33661971830985915,1.0,0.8028169014084507,0.5405405405405406,0.19295774647887326,0.2702702702702703,0.0,0.011583011583011584,Plasma cell,0.09723187079461444
59,4.644745057571906,4.714002470753174,22.320941925048828,5775.056640625,0.6776449419540129,0.9584466080978105,0.22899159663865545,0.2021505376344086,0.24873949579831933,0.978494623655914,0.6197478991596639,0.16344086021505377,0.2600840336134454,0.23010752688172043,0.0910941475826972,0.23555555555555557,Proerythroblast,0.09723187079461444
60,4.381899963074647,4.42701943833333,18.99016571044922,2843.384521484375,0.6358280870183954,0.9926603280631348,0.022058823529411766,0.2875457875457875,0.1119485294117647,1.0,0.17647058823529413,0.06593406593406594,0.030330882352941176,0.06227106227106227,0.0,0.01576182136602452,Transitional B,0.09723187079461444
61,3.7030376158026015,3.7505916718227055,12.279305458068848,448.2183837890625,0.39013698630136984,0.985398414685023,0.03977272727272727,0.38323353293413176,0.10340909090909092,0.6706586826347305,0.45454545454545453,0.08383233532934131,0.13011363636363635,0.24550898203592814,0.0,0.10666666666666666,cDC2,0.09723187079461444
62,3.7263525034117984,3.772745614762141,12.807467460632324,415.0408935546875,0.744307577454274,0.9853909952606634,0.04060913705583756,0.2336448598130841,0.14365482233502538,1.0,0.4263959390862944,0.2102803738317757,0.1304568527918782,0.22429906542056074,0.0014430014430014432,0.14132553606237816,pDC,0.09723187079461444
