,1-Wasserstein_PCA,2-Wasserstein_PCA,Linear_MMD_PCA,Poly_MMD_PCA,KNN identity,KNN identity PCA,precision,recall,density,coverage,precision_PCA,recall_PCA,density_PCA,coverage_PCA,KNN category,KNN category PCA,ct,global_f1
0,11.811567960512066,11.96444597618413,137.7095947265625,56334.0078125,0.7284716035264551,0.9899104280116038,0.4433249370277078,0.45707070707070707,0.8848866498740554,0.9949494949494949,0.37279596977329976,0.09848484848484848,0.07707808564231738,0.07323232323232323,0.07403433476394851,0.041206769683590876,B1 B,0.45076632304795344
1,10.908830633444184,11.007593167111194,117.7579116821289,50232.3046875,0.6168427068733884,0.9856977712426703,0.425035030359645,0.37329079307201457,1.508500700607193,1.0,0.6543671181690799,0.06517775752051048,0.19355441382531527,0.0902461257976299,0.3161427635887361,0.24906235349273323,CD14+ Mono,0.45076632304795344
2,11.60110491670239,11.76061289488209,137.4853057861328,44545.1015625,0.7883700477136902,0.993455396471054,0.4869109947643979,0.5235602094240838,0.8649214659685864,1.0,0.29581151832460734,0.14921465968586387,0.04136125654450262,0.06544502617801047,0.21513002364066192,0.039408866995073885,CD16+ Mono,0.45076632304795344
3,10.867230555795299,10.9771360489617,121.91484069824219,14713.1240234375,0.6620773337784004,0.9896434645645027,0.29035166816952207,0.3012589928057554,0.906492335437331,0.9982014388489209,0.848512173128945,0.03237410071942446,0.22786293958521192,0.06474820143884892,0.03854332801701223,0.06398148148148149,CD4+ T activated,0.45076632304795344
4,10.951064766580586,11.067280641390173,118.53237915039062,17920.908203125,0.5381366202359806,0.991962879232275,0.3178114086146682,0.2570781426953567,1.5367869615832364,1.0,0.8509895227008148,0.035107587768969425,0.23422584400465657,0.04869762174405436,0.053163731245923024,0.04915885967563211,CD4+ T naive,0.45076632304795344
5,10.460785310588124,10.545640262152055,115.14932250976562,7756.015625,0.6832324485077705,0.9903302191156742,0.29345955249569705,0.2497854077253219,0.8765490533562823,0.9982832618025751,0.6514629948364888,0.009012875536480686,0.19819277108433736,0.043347639484978544,0.1421156697973307,0.0563711098062243,CD8+ T,0.45076632304795344
6,11.378533914229925,11.513542667375924,124.07427978515625,19860.693359375,0.7671357008391563,0.9950099552015927,0.27450980392156865,0.4517766497461929,0.33872549019607845,0.9390862944162437,0.0784313725490196,0.09137055837563451,0.010784313725490198,0.03553299492385787,0.02112676056338028,0.0,CD8+ T naive,0.45076632304795344
7,10.680303915019294,10.8149562119693,114.33604431152344,156076.40625,0.5700919252673735,0.9955276987337855,0.5591085271317829,0.48981670061099797,1.022577519379845,0.8869653767820774,0.48546511627906974,0.07230142566191446,0.07887596899224807,0.028513238289205704,0.49707602339181284,0.3315473291118688,Erythroblast,0.45076632304795344
8,13.185502148597912,13.403697613377867,163.97422790527344,96158.96875,0.8541788856304986,0.9743360081890801,0.29831932773109243,0.6043478260869565,0.6873949579831933,0.9782608695652174,0.8151260504201681,0.5565217391304348,0.31092436974789917,0.34782608695652173,0.034722222222222224,0.11296296296296295,G/M prog,0.45076632304795344
9,12.884720951550557,13.100973137352462,147.3018341064453,118939.4765625,0.8638438584819281,0.9640874529716646,0.44324324324324327,0.6390243902439025,0.3718918918918919,0.848780487804878,0.6972972972972973,0.2634146341463415,0.25837837837837835,0.2146341463414634,0.04452690166975882,0.06521739130434782,HSC,0.45076632304795344
10,11.076972693514483,11.219782071401943,112.60121154785156,16996.861328125,0.624465731527921,1.0,0.4896551724137931,0.3987341772151899,1.1441379310344828,1.0,0.09655172413793103,0.0379746835443038,0.01724137931034483,0.06329113924050633,0.003424657534246575,0.0,ILC,0.45076632304795344
11,11.902736128241001,12.121396177719573,137.7323760986328,74714.640625,0.8370621468926553,0.9556130144365439,0.3626062322946176,0.4891304347826087,0.6722379603399434,0.9347826086956522,0.7337110481586402,0.22554347826086957,0.3529745042492918,0.3233695652173913,0.05352449223416965,0.12191582002902758,Lymph prog,0.45076632304795344
12,13.565567163080955,13.778852738564188,190.0009002685547,119896.1875,0.8528138528138528,0.9742097118856385,0.24444444444444444,0.6647058823529411,0.29444444444444445,0.9176470588235294,0.5277777777777778,0.3,0.1538888888888889,0.23529411764705882,0.05031446540880503,0.07692307692307691,MK/E prog,0.45076632304795344
13,10.656167705719954,10.764663721783453,120.86084747314453,18353.22265625,0.6494505494505494,0.9923369555722497,0.32472067039106145,0.30090340514246006,1.2564944134078213,0.9986101459346769,0.4106145251396648,0.015288394718554551,0.10125698324022346,0.05072967338429465,0.09865470852017937,0.08997310795236266,NK,0.45076632304795344
14,10.553170436073462,10.667700969210845,113.59403228759766,48733.4609375,0.6147002777813232,0.9882473050475933,0.468944099378882,0.37235116044399597,1.0475155279503106,0.9989909182643795,0.5113871635610766,0.04742684157416751,0.12815734989648034,0.1029263370332997,0.2376425855513308,0.3268249780123131,Naive CD20+ B,0.45076632304795344
15,11.229926284366567,11.317561415844157,123.84477233886719,109942.203125,0.5915635330437397,1.0,0.49291784702549574,0.6498516320474778,0.5456090651558074,0.8813056379821959,0.0113314447592068,0.0,0.00113314447592068,0.005934718100890208,0.45692307692307693,0.31189083820662766,Normoblast,0.45076632304795344
16,17.444028407910608,17.68269786687704,271.1737976074219,93612.234375,0.7054467271858577,0.9853067353067353,0.12698412698412698,0.918918918918919,0.09047619047619049,0.6081081081081081,0.5873015873015873,0.972972972972973,0.0746031746031746,0.10810810810810811,0.12307692307692306,0.00909090909090909,Plasma cell,0.45076632304795344
17,12.740779367582459,12.912225351205963,160.51373291015625,153291.90625,0.7444715831494904,0.9769559126132832,0.5833333333333334,0.589247311827957,0.6963414634146342,0.9483870967741935,0.5020325203252033,0.16989247311827957,0.14390243902439023,0.14193548387096774,0.1,0.19134253450439145,Proerythroblast,0.45076632304795344
18,11.041610513591865,11.170775939141391,118.41973876953125,49376.12109375,0.7027535627371405,0.986273362285278,0.46983546617915906,0.4725274725274725,0.9892138939670932,1.0,0.8025594149908593,0.029304029304029304,0.22577696526508229,0.0695970695970696,0.1439944617514711,0.1410761154855643,Transitional B,0.45076632304795344
19,12.255517937119587,12.48423244336093,139.2810821533203,74098.828125,0.7483749137524058,0.9406955118082605,0.391812865497076,0.6167664670658682,0.5192982456140351,0.9461077844311377,0.6900584795321637,0.5029940119760479,0.26666666666666666,0.4251497005988024,0.05306122448979591,0.2041522491349481,cDC2,0.45076632304795344
20,13.521734550040856,13.71354261650206,170.8043975830078,124568.1171875,0.8201653039459652,0.9765175401847728,0.37735849056603776,0.7149532710280374,0.3330188679245283,0.8644859813084113,0.8490566037735849,0.2570093457943925,0.3070754716981132,0.21495327102803738,0.08951486697965572,0.1507321274763135,pDC,0.45076632304795344
21,11.598753814038652,11.736315092664498,130.79637145996094,50437.12109375,0.7029493794330783,0.9911054063435939,0.3938618925831202,0.38636363636363635,1.1493606138107417,1.0,0.45012787723785164,0.07575757575757576,0.08593350383631715,0.06818181818181818,0.07956989247311828,0.09876543209876544,B1 B,0.45076632304795344
22,10.848444804292846,10.950570474475192,117.55443572998047,48246.5546875,0.6361085709117587,0.984860502509701,0.40957923008057295,0.3828623518687329,1.3970008952551478,1.0,0.6736794986571173,0.059252506836827715,0.20165622202327663,0.09480401093892434,0.31607030759573135,0.49639314697926057,CD14+ Mono,0.45076632304795344
23,11.283588950539986,11.438536603889242,124.34087371826172,38790.1328125,0.7644353284853005,0.9947229184071289,0.5132978723404256,0.49214659685863876,1.1204787234042555,0.9973821989528796,0.3058510638297872,0.05759162303664921,0.04468085106382979,0.07329842931937172,0.21904761904761905,0.04807692307692307,CD16+ Mono,0.45076632304795344
24,10.760112279916513,10.880023736614088,119.63082122802734,14401.9599609375,0.5187918181965462,0.9874682199826021,0.3232413178984862,0.24010791366906475,1.2861976847729297,1.0,0.8593054318788959,0.040467625899280574,0.23214603739982193,0.08363309352517985,0.031469323069956985,0.08577850677358606,CD4+ T activated,0.45076632304795344
25,10.82402823397439,10.93300898868837,117.03761291503906,17015.50390625,0.5533821505795566,0.9932933766786853,0.3461962513781698,0.26047565118912797,1.4088202866593165,1.0,0.8743109151047409,0.01698754246885617,0.23164277839029768,0.04303510758776897,0.05442804428044281,0.04995251661918328,CD4+ T naive,0.45076632304795344
26,10.57835788806183,10.663595834581402,117.62661743164062,7958.5859375,0.6768705890088834,0.9906003007043718,0.2979955456570156,0.2575107296137339,0.7935412026726059,0.9896995708154507,0.6592427616926503,0.006437768240343348,0.193184855233853,0.039484978540772535,0.16562079784849845,0.05685524809366426,CD8+ T,0.45076632304795344
27,11.25864897317658,11.419894501203483,120.46851348876953,19043.333984375,0.766388783630163,0.9951233981964879,0.3037383177570093,0.4873096446700508,0.47476635514018695,0.9898477157360406,0.10747663551401869,0.09137055837563451,0.016822429906542057,0.05583756345177665,0.018018018018018018,0.0,CD8+ T naive,0.45076632304795344
28,10.594446638947796,10.717304160688215,110.54035949707031,152759.609375,0.5548487335577569,0.9948531546480013,0.5837669094693028,0.4714867617107943,1.0639958376690948,0.8859470468431772,0.4724245577523413,0.021384928716904276,0.07793964620187305,0.02240325865580448,0.4971219256933543,0.33176511587384566,Erythroblast,0.45076632304795344
29,12.967325847981229,13.212427813049652,140.2216033935547,80957.265625,0.8373842189567519,0.976417714487704,0.3080168776371308,0.5826086956521739,0.47257383966244726,0.9391304347826087,0.7932489451476793,0.39565217391304347,0.2940928270042194,0.3173913043478261,0.035416666666666666,0.10368663594470048,G/M prog,0.45076632304795344
30,12.698206489809946,12.901700113545832,155.4718780517578,120088.3125,0.8062277852417477,0.9451622927201333,0.4700460829493088,0.5609756097560976,0.627188940092166,0.9658536585365853,0.6543778801843319,0.23414634146341465,0.3046082949308756,0.2634146341463415,0.034048348655090224,0.08088235294117649,HSC,0.45076632304795344
31,11.28969112034839,11.452056021293865,121.58747863769531,20463.12890625,0.705797697368421,0.9968550660139445,0.51875,0.34810126582278483,1.23875,1.0,0.09375,0.06329113924050633,0.01625,0.0759493670886076,0.0,0.0,ILC,0.45076632304795344
32,12.006896697046427,12.227826889389576,136.5938720703125,72023.703125,0.8326216846400467,0.9554188202477644,0.38337801608579086,0.483695652173913,0.4739946380697051,0.8288043478260869,0.7613941018766756,0.28804347826086957,0.34316353887399464,0.31521739130434784,0.07267645003494061,0.09624478442280945,Lymph prog,0.45076632304795344
33,13.367135508241798,13.58268025618456,171.6938934326172,114475.6640625,0.8452855694491382,0.9816429640718562,0.27388535031847133,0.6705882352941176,0.4070063694267516,0.9529411764705882,0.4840764331210191,0.38235294117647056,0.12292993630573248,0.24705882352941178,0.04557291666666667,0.06796116504854369,MK/E prog,0.45076632304795344
34,10.763994912033377,10.8718939719515,121.17880249023438,18447.1015625,0.6656762796933919,0.9926367235116234,0.3064401981599434,0.3161917998610146,1.1735314932767162,0.9993050729673384,0.39065817409766457,0.007644197359277276,0.09129511677282379,0.04586518415566365,0.06902356902356903,0.10018568899252926,NK,0.45076632304795344
35,10.840892617222359,10.950609401056964,120.58963012695312,53538.421875,0.6213836320654418,0.9900815592693186,0.4537487828627069,0.3622603430877901,1.136416747809153,0.9989909182643795,0.4634858812074002,0.044399596367305755,0.10379746835443038,0.08879919273461151,0.1367657722987672,0.2446544007956241,Naive CD20+ B,0.45076632304795344
36,11.428753658454683,11.513964579344252,123.34790802001953,112085.3203125,0.6118364792991969,1.0,0.5158227848101266,0.6142433234421365,0.5265822784810127,0.8813056379821959,0.00949367088607595,0.0,0.000949367088607595,0.002967359050445104,0.44366197183098594,0.26851851851851855,Normoblast,0.45076632304795344
37,17.509071166827493,17.71213220860253,285.6214599609375,84247.1875,0.7261567077423855,0.9933728330041695,0.05194805194805195,0.918918918918919,0.007792207792207792,0.04054054054054054,0.4935064935064935,0.08108108108108109,0.06493506493506494,0.06756756756756757,0.07471264367816091,0.0,Plasma cell,0.45076632304795344
38,12.584924414799442,12.760728715822557,164.3112335205078,160108.1875,0.7787261634453858,0.9795824142591829,0.5836909871244635,0.5268817204301075,0.9336909871244636,0.9956989247311828,0.4892703862660944,0.2021505376344086,0.146137339055794,0.15698924731182795,0.06292947558770343,0.3948051948051948,Proerythroblast,0.45076632304795344
39,11.15451357889828,11.296653471888638,120.501220703125,50299.0234375,0.6653618034135593,0.9869521863903885,0.476280834914611,0.46703296703296704,1.1330170777988615,1.0,0.8083491461100569,0.038461538461538464,0.21650853889943075,0.08241758241758242,0.217274678111588,0.1193075898801598,Transitional B,0.45076632304795344
40,12.64303127150454,12.850434419009341,142.10714721679688,77272.546875,0.8332022029897719,0.9537032626815909,0.3375796178343949,0.6227544910179641,0.34331210191082806,0.9401197604790419,0.6942675159235668,0.46107784431137727,0.2484076433121019,0.3772455089820359,0.0824468085106383,0.2656449553001277,cDC2,0.45076632304795344
41,13.2480363432528,13.420802565582557,167.4855499267578,121769.1484375,0.8454693611473272,0.9651491873534406,0.3271889400921659,0.719626168224299,0.343778801843318,0.8037383177570093,0.9032258064516129,0.21495327102803738,0.32672811059907836,0.20093457943925233,0.10177595628415301,0.18514851485148515,pDC,0.45076632304795344
42,11.520450176041864,11.670842394742447,131.11106872558594,52052.93359375,0.6764193168433452,0.9876109342704864,0.4538834951456311,0.3838383838383838,1.10752427184466,0.9949494949494949,0.441747572815534,0.09343434343434344,0.08519417475728155,0.07323232323232323,0.09205020920502094,0.03310852237890865,B1 B,0.45076632304795344
43,10.892126930831335,10.991864447183,120.12532806396484,50055.9609375,0.6483361269415577,0.9861937460567917,0.39577717879604674,0.38833181403828626,1.3868823000898474,0.9986326344576116,0.6626235399820305,0.05834092980856882,0.19065588499550765,0.09343664539653601,0.23768559981145415,0.497289972899729,CD14+ Mono,0.45076632304795344
44,11.718862184524882,11.855357920488649,137.81085205078125,44762.5078125,0.7897443031061789,0.996103363758584,0.43556701030927836,0.5602094240837696,0.7641752577319588,0.9921465968586387,0.2757731958762887,0.049738219895287955,0.03917525773195876,0.04712041884816754,0.2104644326866549,0.01256281407035176,CD16+ Mono,0.45076632304795344
45,10.46715017766017,10.588168869522187,109.78608703613281,12434.669921875,0.5527530525863924,0.9880781385867509,0.34050514499532275,0.24550359712230216,1.346398503274088,1.0,0.8690364826941066,0.025179856115107913,0.24162768942937324,0.07553956834532374,0.03263009845288326,0.0759860788863109,CD4+ T activated,0.45076632304795344
46,10.823910928048926,10.939809362623597,114.33977508544922,16851.29296875,0.5697616816173517,0.9930908753414123,0.3665105386416862,0.2955832389580974,1.3559718969555037,1.0,0.8594847775175644,0.02944507361268403,0.23091334894613583,0.04756511891279728,0.0506454816285998,0.038047138047138045,CD4+ T naive,0.45076632304795344
47,10.46056747191005,10.548743655964918,115.97904205322266,7888.67431640625,0.6792735406139647,0.9903055746542454,0.2975778546712803,0.2506437768240343,0.8474048442906575,0.9978540772532188,0.6652249134948097,0.0068669527896995704,0.19969723183391005,0.041630901287553645,0.19865011974744176,0.06089303687437094,CD8+ T,0.45076632304795344
48,11.291661305858492,11.431014209442013,114.61398315429688,19509.505859375,0.7055023302970049,0.9972950706125099,0.2988505747126437,0.5177664974619289,0.4275862068965517,0.9949238578680203,0.11494252873563218,0.14720812182741116,0.016666666666666666,0.030456852791878174,0.017582417582417582,0.0,CD8+ T naive,0.45076632304795344
49,10.782460388064477,10.906561012827073,114.59754180908203,159461.609375,0.5582875844594595,0.9948611181530869,0.5767634854771784,0.4816700610997963,1.0110995850622408,0.8981670061099797,0.470954356846473,0.021384928716904276,0.07551867219917013,0.023421588594704685,0.4944939695857367,0.3312456506610995,Erythroblast,0.45076632304795344
50,13.229691219118676,13.47715690507175,147.13026428222656,81357.765625,0.8118702057523162,0.9730855108321768,0.2777777777777778,0.7086956521739131,0.4277777777777778,0.9217391304347826,0.7962962962962963,0.6043478260869565,0.300462962962963,0.30869565217391304,0.02873563218390805,0.11515151515151516,G/M prog,0.45076632304795344
51,12.466105657373602,12.676034558172065,147.58628845214844,106172.7421875,0.7985771142670954,0.9471239504469906,0.43829787234042555,0.5463414634146342,0.8391489361702128,0.975609756097561,0.676595744680851,0.33170731707317075,0.3353191489361702,0.28780487804878047,0.04067796610169491,0.07474048442906574,HSC,0.45076632304795344
52,11.230660205245409,11.393326545816269,120.04814147949219,20105.462890625,0.63105073985903,1.0,0.547945205479452,0.37341772151898733,1.302054794520548,1.0,0.07534246575342465,0.04430379746835443,0.01643835616438356,0.06962025316455696,0.0,0.0,ILC,0.45076632304795344
53,12.084497228488868,12.294893041579625,138.7281951904297,77324.796875,0.8352709223166519,0.9594337143607936,0.3726541554959786,0.5380434782608695,0.41313672922252015,0.8614130434782609,0.739946380697051,0.20380434782608695,0.36085790884718505,0.3070652173913043,0.050253573075149834,0.19728260869565217,Lymph prog,0.45076632304795344
54,13.804119992587081,14.013382082572013,181.69175720214844,124162.078125,0.7817035128170351,0.9741017902178857,0.2303370786516854,0.6882352941176471,0.15674157303370786,0.7647058823529411,0.46629213483146065,0.4470588235294118,0.11629213483146068,0.17647058823529413,0.03563941299790356,0.0665024630541872,MK/E prog,0.45076632304795344
55,10.681401718896232,10.797910138624644,120.2305679321289,17909.306640625,0.6719780947444403,0.9929947383246456,0.3121468926553672,0.3071577484364142,1.1252118644067797,0.9965253648366922,0.393361581920904,0.01250868658790827,0.09442090395480227,0.05211952744961779,0.07981910684002261,0.06957298021127808,NK,0.45076632304795344
56,10.836246366624273,10.951037565303112,119.7103042602539,53113.03515625,0.6224814628052,0.9890008794898959,0.4425742574257426,0.37436932391523714,1.0341584158415842,1.0,0.4752475247524752,0.04843592330978809,0.10237623762376238,0.09788092835519677,0.23942208462332304,0.12247474747474747,Naive CD20+ B,0.45076632304795344
57,11.403009677840073,11.476980402210692,126.39495086669922,113179.828125,0.5201202150370583,1.0,0.44072948328267475,0.6646884272997032,0.45623100303951375,0.8456973293768546,0.0,0.0,0.0,0.0,0.4489112227805695,0.2847826086956522,Normoblast,0.45076632304795344
58,16.581492127598942,16.801764006284596,253.4079132080078,72355.6015625,0.5260272485480106,0.972972972972973,0.06756756756756757,0.918918918918919,0.033783783783783786,0.24324324324324326,0.5135135135135135,0.7162162162162162,0.08783783783783784,0.16216216216216217,0.08435374149659865,0.012658227848101267,Plasma cell,0.45076632304795344
59,12.67100277152113,12.854820719996985,158.9869384765625,153442.28125,0.7630667395907835,0.9784865645125471,0.5397849462365591,0.6279569892473118,0.7000000000000001,0.9806451612903225,0.4731182795698925,0.2172043010752688,0.1389247311827957,0.16774193548387098,0.06844919786096257,0.19123505976095617,Proerythroblast,0.45076632304795344
60,10.938570086229218,11.070324668161986,115.817626953125,47301.890625,0.6705785863538555,0.9861868966306713,0.5092592592592593,0.45604395604395603,1.175925925925926,1.0,0.8111111111111111,0.029304029304029304,0.2114814814814815,0.07326007326007326,0.20998925886143932,0.20571916346564234,Transitional B,0.45076632304795344
61,11.82518415859726,12.049081422720151,128.12283325195312,62405.125,0.7788006648766143,0.9331187440644776,0.4245810055865922,0.5329341317365269,0.43407821229050286,0.9221556886227545,0.7821229050279329,0.5209580838323353,0.2815642458100559,0.40119760479041916,0.08177570093457943,0.26621923937360176,cDC2,0.45076632304795344
62,13.666046275463195,13.842352822577096,171.52154541015625,128774.4140625,0.8392573323861748,0.9773545168282011,0.3537117903930131,0.7476635514018691,0.28034934497816594,0.8504672897196262,0.8427947598253275,0.16822429906542055,0.2912663755458515,0.19158878504672897,0.09207161125319692,0.15540015540015542,pDC,0.45076632304795344
