,1-Wasserstein_PCA,2-Wasserstein_PCA,Linear_MMD_PCA,Poly_MMD_PCA,KNN identity,KNN identity PCA,precision,recall,density,coverage,precision_PCA,recall_PCA,density_PCA,coverage_PCA
0,12.163287327766419,12.300414350942805,117.42161560058594,13549.646484375,0.3333333333333333,0.9979999994999997,0.531,0.0135,0.41455000000000003,0.379,0.0465,0.077,0.009,0.0175
1,12.246099805831916,12.37628795086653,117.97379302978516,13598.416015625,0.3333333333333333,0.9989999997499999,0.5315,0.006,0.5026,0.2475,0.0415,0.042,0.00745,0.009
2,12.10711838030813,12.240700468094136,116.4520263671875,13224.4306640625,0.3332222037006168,0.9967499754216891,0.595,0.017,0.48345000000000005,0.2555,0.066,0.1395,0.016550000000000002,0.02
3,12.234579389095323,12.368114483328746,118.14381408691406,13377.123046875,0.3333333333333333,0.9989999997499999,0.5895,0.007,0.5877,0.291,0.0285,0.011,0.0059,0.01
4,12.225872982025152,12.356186587181089,119.36788940429688,13580.5830078125,0.3333333333333333,0.9979999979999981,0.593,0.025,0.4328000000000001,0.417,0.0385,0.208,0.0089,0.0195
5,12.234994923949259,12.377198787207025,117.34627532958984,13309.681640625,0.3332222037006168,0.998749999921875,0.6435,0.024,0.5273500000000001,0.33,0.075,0.08,0.01255,0.012
6,12.234402281522746,12.38115932456428,119.2667236328125,13205.19140625,0.3349978367449659,0.9984999996249998,0.5735,0.0055,0.4534500000000001,0.345,0.0645,0.011,0.013800000000000002,0.014
7,12.125424941301352,12.24772966732137,116.51692199707031,13184.517578125,0.3333333333333333,0.9979999994999997,0.508,0.007,0.47500000000000003,0.264,0.0255,0.044,0.0094,0.0205
8,12.121717722654322,12.24644707128984,116.99227905273438,13424.447265625,0.3349978367449659,0.9977499886093173,0.5955,0.009,0.49970000000000003,0.3785,0.045,0.0475,0.011500000000000002,0.0175
9,12.148311009407047,12.286922979223814,117.11695098876953,13349.34765625,0.33388864827462916,0.9974999899999601,0.526,0.0045,0.4369,0.2665,0.109,0.0085,0.02085,0.0145
10,12.16508804953098,12.297816454589862,115.65167999267578,13349.947265625,0.3333333333333333,0.9972499860780545,0.4985,0.0085,0.40605,0.356,0.0555,0.0565,0.0149,0.0245
11,12.294102399229992,12.420552553886871,118.80521392822266,13483.962890625,0.3333333333333333,0.9967499900468444,0.4275,0.019,0.38585,0.241,0.078,0.0815,0.015950000000000002,0.015
12,12.271375361084935,12.405715705724095,119.56793975830078,13647.22265625,0.3333333333333333,0.9972499957031182,0.489,0.0175,0.33415,0.2365,0.0465,0.0595,0.0118,0.0205
13,12.19555998253825,12.333005961601144,116.52837371826172,13425.583984375,0.3333333333333333,0.9977499886093173,0.628,0.0045,0.49805000000000005,0.2655,0.0915,0.005,0.01955,0.0155
14,12.237741862058654,12.380790785660128,118.84516143798828,13376.9345703125,0.3333333333333333,0.999249999953125,0.626,0.011,0.5206000000000001,0.2995,0.0285,0.0515,0.006950000000000001,0.011
15,12.197246107339847,12.336442520752913,117.98916625976562,13281.755859375,0.3333333333333333,0.997249999828125,0.5335,0.026,0.4186,0.2445,0.0455,0.203,0.00755,0.0135
16,12.227420054912551,12.360477542895541,116.4712142944336,13331.0615234375,0.3333333333333333,0.9977499931093539,0.701,0.0015,0.7143,0.304,0.116,0.0305,0.02065,0.017
17,12.257480808496442,12.39288696646842,117.91252899169922,13676.763671875,0.3333333333333333,0.9974999943749873,0.3915,0.0105,0.3456,0.2945,0.065,0.0765,0.01625,0.021
18,12.155097329020542,12.291386371757218,117.36894989013672,13513.154296875,0.3333333333333333,0.9979999994999997,0.5385,0.016,0.4963,0.2725,0.017,0.056,0.004900000000000001,0.019
19,12.225952427148808,12.365959688004644,118.34925079345703,13547.69921875,0.3333333333333333,0.9979999994999997,0.4735,0.0185,0.40885,0.2385,0.0525,0.2245,0.010700000000000001,0.019
20,12.218874717593206,12.359239593034186,117.946533203125,13556.638671875,0.3333333333333333,0.9977499931093539,0.495,0.0035,0.39280000000000004,0.272,0.0495,0.0185,0.011550000000000001,0.018
21,12.354120174646367,12.493852520398487,119.91329956054688,13604.212890625,0.3333333333333333,0.9982499972656207,0.476,0.0095,0.40149999999999997,0.346,0.0345,0.0455,0.0083,0.0125
22,12.183752593278893,12.315733367551553,116.47828674316406,13353.599609375,0.3333333333333333,0.9982499998906251,0.6845,0.0185,0.48869999999999997,0.324,0.264,0.0225,0.03575,0.0155
23,12.235928220272083,12.372046189787127,117.5145263671875,13662.0283203125,0.3333333333333333,0.9984999984999985,0.4805,0.0005,0.3792,0.2455,0.0515,0.0115,0.01205,0.019
24,12.232020177125952,12.360670934201076,117.51115417480469,13369.7255859375,0.3333333333333333,0.9979999954999899,0.643,0.0145,0.57255,0.299,0.0645,0.0225,0.0198,0.019
25,12.240714653015134,12.370862436813875,118.347412109375,13565.7763671875,0.3333333333333333,0.9969999812498829,0.723,0.0035,0.6897500000000001,0.26,0.0535,0.017,0.01455,0.019
26,12.20962845873834,12.34436586582946,118.8063735961914,13511.6923828125,0.3333333333333333,0.9984999984999985,0.5525,0.0085,0.43665000000000004,0.323,0.065,0.0875,0.011700000000000002,0.017
27,12.142296025514595,12.275598670593675,115.99603271484375,13197.724609375,0.3333333333333333,0.9977499931093539,0.5835,0.013,0.5885,0.308,0.1245,0.04,0.02245,0.021
28,12.16933938598632,12.301378176168392,117.16007232666016,13433.76171875,0.3333333333333333,0.9972499860780545,0.5505,0.0105,0.522,0.287,0.139,0.0695,0.03355,0.021
29,12.241336925029762,12.373094620489832,119.32855224609375,13582.37109375,0.3333333333333333,0.999,0.5395,0.0185,0.5820500000000001,0.3315,0.0265,0.243,0.00545,0.0145
