,1-Wasserstein_PCA,2-Wasserstein_PCA,Linear_MMD_PCA,Poly_MMD_PCA,KNN identity,KNN identity PCA,precision,recall,density,coverage,precision_PCA,recall_PCA,density_PCA,coverage_PCA
0,16.655959554672243,16.78165827271918,157.1285858154297,26105.99609375,0.6035925356368186,0.996999972999757,0.566,0.437,1.3406000000000002,0.998,0.012,0.332,0.0051,0.051
1,16.673139942169183,16.82383130349309,160.95751953125,24865.005859375,0.6111942519628926,0.997999991999968,0.585,0.45,1.2006000000000001,1.0,0.015,0.122,0.002,0.02
2,16.63140763282778,16.757608758914067,158.0802459716797,26171.904296875,0.5880723831034389,0.996999972999757,0.578,0.43,1.3373,1.0,0.007,0.226,0.0007000000000000001,0.007
3,16.485023254394523,16.614179050162676,157.3999481201172,25359.353515625,0.561764845911898,0.9964999571244748,0.563,0.407,1.5181,1.0,0.014,0.297,0.0017000000000000001,0.016
4,16.521641306877118,16.654950220176207,155.21632385253906,24793.0,0.6193913490670986,0.9974999843749024,0.556,0.425,1.221,1.0,0.018,0.433,0.0041,0.035
5,16.80323203849792,16.94097945911569,161.7388916015625,25907.220703125,0.5311832577434836,0.9974999843749024,0.603,0.412,1.4767000000000001,1.0,0.014,0.185,0.0034000000000000002,0.031
6,16.6968189315796,16.82373667493038,160.5562744140625,26567.16015625,0.5737782484468965,0.9974999843749024,0.596,0.407,1.5333,1.0,0.022,0.466,0.0172,0.148
7,16.697267013549805,16.827928904744777,163.01046752929688,26365.2109375,0.5557554594441293,0.996999972999757,0.592,0.448,1.4713,1.0,0.013,0.246,0.0023,0.02
8,16.696278046607983,16.823011123073954,159.1811981201172,25817.6796875,0.48343165742126737,0.996999972999757,0.608,0.378,1.8737,0.997,0.008,0.364,0.004,0.037
9,16.71902162742612,16.8569139697628,160.54261779785156,26196.603515625,0.6125868967590571,0.9949998749968749,0.56,0.427,1.1584,0.997,0.02,0.451,0.0053,0.045
10,16.769845076560973,16.8998273364394,159.30313110351562,26536.2578125,0.5776985660254143,0.9974999843749024,0.599,0.44,1.3813000000000002,1.0,0.016,0.352,0.0078000000000000005,0.062
11,16.624570534706127,16.750773336749273,157.0906524658203,25506.21484375,0.5972480232399213,0.997999991999968,0.595,0.4,1.3898000000000001,1.0,0.017,0.399,0.005000000000000001,0.044
12,16.773529186248748,16.906625698914414,166.10662841796875,26928.048828125,0.6330074829722461,0.9964999571244748,0.579,0.435,1.1468,0.996,0.012,0.161,0.002,0.019
13,16.608574729919418,16.73754181108101,158.22068786621094,26928.671875,0.5772063857170241,0.9964999571244748,0.6,0.408,1.5369000000000002,1.0,0.018,0.307,0.0089,0.079
14,16.755019350051892,16.887058602528718,164.33599853515625,27639.849609375,0.6044771902741901,0.997999991999968,0.563,0.428,1.2964000000000002,1.0,0.018,0.316,0.0057,0.052
