,1-Wasserstein_PCA,2-Wasserstein_PCA,Linear_MMD_PCA,Poly_MMD_PCA,KNN identity,KNN identity PCA,precision,recall,density,coverage,precision_PCA,recall_PCA,density_PCA,coverage_PCA
0,11.866521995067584,11.979432150847275,128.55445861816406,17415.3515625,0.6527209289791418,0.9972499792029677,0.1465,0.676,0.17880000000000001,0.779,0.022,0.2105,0.00495,0.0245
1,11.985706826686869,12.101821836663985,130.73800659179688,17865.21484375,0.6591837222091408,0.9972499915780992,0.1465,0.6815,0.16535,0.7615,0.017,0.158,0.00295,0.016
2,11.939287305116657,12.057252721938097,130.00880432128906,17566.88671875,0.644628506024393,0.9967499835467917,0.1365,0.677,0.14025,0.692,0.025,0.2665,0.0046,0.0225
3,12.010296229124066,12.129530865622156,130.39935302734375,17588.95703125,0.647760116185365,0.996999972999757,0.1675,0.685,0.18710000000000002,0.766,0.021,0.1725,0.005050000000000001,0.029
4,12.057046345710765,12.169410221506732,132.39169311523438,18090.90625,0.6623699219833356,0.996999972999757,0.141,0.677,0.17295000000000002,0.7585,0.0195,0.1515,0.00485,0.03
5,11.977903727054578,12.089851640196464,131.07962036132812,17603.322265625,0.6722404367155553,0.9967499656715124,0.147,0.687,0.1693,0.751,0.0205,0.203,0.0045,0.026
6,12.063140915632243,12.183412737207105,133.31369018554688,17825.65234375,0.6506424344008656,0.9967499656715124,0.1325,0.6845,0.14795,0.742,0.017,0.1845,0.00375,0.021
7,11.979131964445111,12.091986581858647,131.75723266601562,17797.45703125,0.654718437434108,0.9972499792029677,0.15,0.6815,0.1413,0.7095,0.0225,0.2205,0.0047,0.027
8,11.963739532232273,12.07904419229732,131.20103454589844,18014.115234375,0.6600637694258241,0.9962499603902065,0.138,0.645,0.22485,0.8405,0.0165,0.181,0.00455,0.0265
9,12.021819680929173,12.146781344120171,132.26126098632812,18188.6796875,0.6452492356827555,0.9967499656715124,0.1235,0.699,0.16915000000000002,0.768,0.023,0.181,0.00495,0.0245
10,12.004871601104721,12.12450921990444,131.02444458007812,18002.7734375,0.652561261409096,0.9974999899999601,0.15,0.671,0.14375000000000002,0.701,0.0225,0.203,0.005600000000000001,0.03
11,12.020024938344944,12.138931172515253,130.86441040039062,17625.388671875,0.6647536053635348,0.9967499900468444,0.141,0.6805,0.15715,0.7215,0.037,0.1915,0.0083,0.032
12,11.907048308372469,12.017451822411681,128.0988311767578,16950.5625,0.661220751694089,0.9979999954999899,0.1335,0.686,0.14315,0.676,0.026,0.133,0.006500000000000001,0.0275
13,11.913261469602588,12.030990591448035,128.1778106689453,17544.388671875,0.6712473499041043,0.9962499810155289,0.149,0.6785,0.21080000000000002,0.8375,0.0365,0.1815,0.008150000000000001,0.0305
14,12.019038792610157,12.145600056907023,130.29576110839844,17360.201171875,0.6524378080419682,0.9974999899999601,0.151,0.6835,0.137,0.7015,0.0185,0.167,0.00395,0.0235
15,11.965875253200549,12.082908768782788,132.02545166015625,17584.20703125,0.6770014161318508,0.9967499754216891,0.1375,0.695,0.17830000000000001,0.754,0.0145,0.1765,0.00235,0.0135
16,11.948723695039734,12.062118489453386,128.62008666992188,17371.94921875,0.6710352075962989,0.9977499931093539,0.1425,0.681,0.16215000000000002,0.781,0.028,0.1515,0.006,0.029
17,12.002673597574264,12.12424896895235,130.50428771972656,17791.17578125,0.6606677197356081,0.996999972999757,0.138,0.665,0.12395,0.6615,0.025,0.205,0.00595,0.029
18,11.936869918346389,12.047745936080743,131.0146942138672,17824.2890625,0.6753754230730522,0.996999972999757,0.143,0.644,0.1799,0.815,0.0225,0.1685,0.00545,0.031
19,12.006126077651983,12.119408873598788,130.4403839111328,17724.90625,0.6493349963673627,0.9964999684997164,0.1385,0.708,0.13075,0.662,0.0245,0.1915,0.006450000000000001,0.0335
20,11.862451657056798,11.976297609747997,128.30023193359375,17008.732421875,0.6552849922336377,0.9949998987479496,0.1435,0.676,0.15810000000000002,0.724,0.0215,0.188,0.00455,0.027
21,11.976422912359244,12.097967467116261,129.72120666503906,17048.119140625,0.6708333593881903,0.9982499972656207,0.1585,0.6515,0.22865000000000002,0.7965,0.027,0.138,0.008400000000000001,0.035
22,11.93755582356452,12.053646270660076,127.75022888183594,17295.0234375,0.6718222734172774,0.9964999781248634,0.1555,0.6515,0.223,0.812,0.032,0.1925,0.006750000000000001,0.0325
23,11.953356015443806,12.064513452602332,130.08432006835938,17854.57421875,0.6421614976540365,0.9962499603902065,0.154,0.686,0.11945,0.616,0.0185,0.117,0.0061,0.028
24,11.922239007949841,12.038268677598898,128.11717224121094,17046.12109375,0.6729544702657321,0.9979999954999899,0.1495,0.666,0.20110000000000003,0.8275,0.025,0.1425,0.00755,0.038
25,11.960044030189493,12.079114487162371,130.17247009277344,17324.94921875,0.6702396789459559,0.9974999843749024,0.1655,0.6475,0.19025000000000003,0.7675,0.019,0.1805,0.0043,0.023
26,11.982705746650712,12.101297771594805,130.67359924316406,17459.806640625,0.6700580397326457,0.9977499886093173,0.1475,0.665,0.1603,0.7405,0.024,0.1135,0.0048000000000000004,0.021
27,11.993610995531096,12.107429135808532,130.61050415039062,17581.919921875,0.6596427661990256,0.996999972999757,0.168,0.6455,0.24065,0.8595,0.022,0.2355,0.00545,0.031
28,11.969712770223587,12.08780523291521,129.5887908935547,17794.666015625,0.6687349067341881,0.996999972999757,0.1645,0.6415,0.2564,0.8745,0.0195,0.18,0.0057,0.033
29,11.984383541107169,12.100602403415431,133.4158935546875,18099.048828125,0.6774045268815427,0.996999972999757,0.1475,0.6935,0.12955000000000003,0.688,0.013,0.2245,0.00235,0.019
