,1-Wasserstein_PCA,2-Wasserstein_PCA,Linear_MMD_PCA,Poly_MMD_PCA,RBF_MMD_PCA,KNN identity,KNN identity PCA,precision,recall,density,coverage,precision_PCA,recall_PCA,density_PCA,coverage_PCA
0,10.791250533580785,10.93228055341621,-0.43446508049964905,640.2673950195312,3.206744909286499,0.990499142547615,0.9689701803433098,1.0,0.0,5.4,0.054,1.0,0.0,9.0,0.09
1,10.830383390903481,10.975846708130913,-0.33387547731399536,641.4319458007812,3.208287000656128,0.983495506651686,0.9719780307761285,1.0,0.0,7.1000000000000005,0.071,1.0,0.0,9.600000000000001,0.096
2,10.79685825014114,10.953292090171324,0.4581207036972046,678.5916137695312,3.2066586017608643,0.9894988422473577,0.9739824121105868,1.0,0.0,4.800000000000001,0.048,1.0,0.0,9.600000000000001,0.096
3,10.69440062952043,10.827204081601119,-0.9024134874343872,589.115478515625,3.2020201683044434,0.9924995781012682,0.9674656355775788,1.0,0.0,4.7,0.047,1.0,0.0,9.200000000000001,0.092
4,10.841102288246164,10.98255554445681,0.26355090737342834,672.607666015625,3.2093729972839355,0.9884984789238377,0.9709755904715865,1.0,0.0,6.0,0.06,1.0,0.0,9.600000000000001,0.096
5,10.883144186496724,11.025467507274575,-0.07761824876070023,667.81005859375,3.211527109146118,0.9844962752301241,0.9629492775609809,1.0,0.0,6.4,0.064,1.0,0.0,11.700000000000001,0.117
6,10.86142175817489,11.00739887295928,-0.6110607385635376,668.68017578125,3.2103118896484375,0.9854969507338918,0.9669640238219421,1.0,0.0,6.7,0.067,1.0,0.0,10.3,0.103
7,10.783298886775967,10.915550959369027,0.2929782271385193,620.8897705078125,3.206247568130493,0.9859972554620705,0.9654588874407765,1.0,0.0,6.7,0.067,1.0,0.0,12.200000000000001,0.122
8,10.845693928718555,10.995257141659136,-0.1482698768377304,638.4005126953125,3.209470510482788,0.983495506651686,0.9659606505119919,1.0,0.0,6.7,0.067,1.0,0.0,10.700000000000001,0.107
9,10.817383183479315,10.971981222039988,0.22250333428382874,631.979248046875,3.2078487873077393,0.9844962752301241,0.9709755904715865,1.0,0.0,6.7,0.067,1.0,0.0,9.600000000000001,0.096
10,10.892179354190827,11.028296718800867,-0.808571994304657,644.1859130859375,3.2118873596191406,0.9819941661098195,0.9639532834553581,1.0,0.0,6.9,0.069,1.0,0.0,9.700000000000001,0.097
11,10.934138894557945,11.083969734124413,-0.29628127813339233,719.3329467773438,3.214041233062744,0.9884984789238377,0.9649570724137068,1.0,0.0,5.800000000000001,0.058,1.0,0.0,10.4,0.104
12,10.8528413825035,10.99785379123846,0.5166854858398438,576.7744140625,3.2093536853790283,0.9894988422473577,0.9644552046716875,1.0,0.0,6.0,0.06,1.0,0.0,10.700000000000001,0.107
13,10.77181884622574,10.911675122558188,-0.8166562914848328,595.895263671875,3.205732583999634,0.9879982717511322,0.9734813772972069,1.0,0.0,4.800000000000001,0.048,1.0,0.0,10.200000000000001,0.102
14,10.808294718265534,10.937622178447066,-0.13356941938400269,588.634765625,3.2077536582946777,0.9894988422473577,0.9679671984111731,1.0,0.0,5.4,0.054,1.0,0.0,9.4,0.094
15,10.792221016407016,10.929271786225794,-0.5472958087921143,597.1185913085938,3.206718921661377,0.9884984789238377,0.9714768320568381,1.0,0.0,5.800000000000001,0.058,1.0,0.0,10.5,0.105
16,10.793848425388344,10.942407552752606,1.7126290798187256,669.3605346679688,3.206326723098755,0.9939997839922237,0.961945048650251,1.0,0.0,5.1000000000000005,0.051,1.0,0.0,11.100000000000001,0.111
17,10.7270241498947,10.868618980877153,0.0076379175297915936,566.3896484375,3.2035746574401855,0.9909992709409463,0.9674656355775788,1.0,0.0,4.9,0.049,1.0,0.0,10.5,0.105
18,10.758000427246099,10.883714144257631,0.708081066608429,667.06494140625,3.2051022052764893,0.9929996569831921,0.9654588874407765,1.0,0.0,4.9,0.049,1.0,0.0,10.9,0.109
19,10.732853366374966,10.875355587462307,0.407989501953125,675.3848876953125,3.2038767337799072,0.9884984789238377,0.9679671984111731,1.0,0.0,4.4,0.044,1.0,0.0,8.6,0.086
20,10.849450202941895,10.998136523453653,-0.6067203283309937,584.391357421875,3.2093966007232666,0.990499142547615,0.9654588874407765,1.0,0.0,4.9,0.049,1.0,0.0,11.200000000000001,0.112
21,10.719728429317477,10.859651553182395,0.8091603517532349,575.2534790039062,3.2031185626983643,0.983495506651686,0.9689701803433098,1.0,0.0,6.300000000000001,0.063,1.0,0.0,8.9,0.089
22,10.807262548923493,10.954662829964258,-0.8244811296463013,615.3748779296875,3.2076635360717773,0.9914993858306262,0.972980302640625,1.0,0.0,6.2,0.062,1.0,0.0,10.700000000000001,0.107
23,10.773049185276019,10.911184795952652,-2.2283506393432617,582.183349609375,3.2056827545166016,0.9889986688389294,0.9769878265602503,1.0,0.0,4.6000000000000005,0.046,1.0,0.0,10.0,0.1
24,10.798934253215787,10.947410693661363,-1.0579743385314941,585.5697021484375,3.206916332244873,0.9894988422473577,0.9714768320568381,1.0,0.0,5.2,0.052,1.0,0.0,10.600000000000001,0.106
25,10.838563845157633,11.001558571072412,0.15064625442028046,631.7327270507812,3.209444046020508,0.9894988422473577,0.9779893468438724,1.0,0.0,6.2,0.062,1.0,0.0,8.6,0.086
26,10.756893483161917,10.897612259792632,-1.3395254611968994,570.5699462890625,3.205146074295044,0.9909992709409463,0.960940590638361,1.0,0.0,4.4,0.044,1.0,0.0,10.600000000000001,0.106
27,10.899171176433562,11.03915852753704,0.3509018123149872,664.6214599609375,3.2123231887817383,0.9854969507338918,0.9644552046716875,1.0,0.0,6.1000000000000005,0.061,1.0,0.0,9.9,0.099
28,10.820196381568907,10.958587886237353,-0.1105526015162468,587.29736328125,3.2082934379577637,0.9894988422473577,0.9719780307761285,1.0,0.0,5.300000000000001,0.053,1.0,0.0,11.0,0.11
29,10.795526162624359,10.941343936349131,-0.025447627529501915,558.6103515625,3.206650495529175,0.98999899989999,0.970474305264156,1.0,0.0,5.4,0.054,1.0,0.0,8.9,0.089
