,1-Wasserstein_PCA,2-Wasserstein_PCA,Linear_MMD_PCA,Poly_MMD_PCA,KNN identity,KNN identity PCA,precision,recall,density,coverage,precision_PCA,recall_PCA,density_PCA,coverage_PCA
0,10.990969362735735,11.149825103038093,77.68649291992188,6392.66845703125,0.3935134020677952,0.9970999756107949,0.8176,0.002,2.7107,0.7834,0.188,0.0,0.027300000000000005,0.019
1,10.970629421520208,11.135064290567259,76.94670104980469,6379.396484375,0.41027118155173437,0.9973999824238811,0.8262,0.0036,2.8530200000000003,0.787,0.1614,0.0,0.02552,0.0202
2,11.063255507755338,11.231750173394634,78.40342712402344,6317.34375,0.40014995098406597,0.9970999756107949,0.8486,0.0006,2.6804400000000004,0.776,0.1552,0.0,0.02582,0.0204
3,11.018338057899435,11.185056577257175,77.08529663085938,6265.79296875,0.40770663563023934,0.9973999824238811,0.8186,0.0042,2.9154,0.7756,0.1834,0.0,0.02878,0.0202
4,10.913193987751013,11.068644132343707,75.15271759033203,6335.68505859375,0.39148849228256505,0.9977999893519485,0.8364,0.002,2.90296,0.7884,0.2298,0.0,0.029920000000000002,0.0178
5,11.003698896503474,11.179806857001752,78.5168685913086,6739.81298828125,0.3997497142084752,0.9968999702087138,0.8274,0.0024,2.6708200000000004,0.7736,0.1716,0.0,0.02512,0.0188
6,11.070212332725525,11.239918812869224,80.5423583984375,6582.4365234375,0.40810186043031665,0.9966999640626086,0.8122,0.0056,2.70294,0.7268,0.1496,0.0,0.023880000000000002,0.0216
7,11.05378390932081,11.22657560876387,79.12726593017578,6807.662109375,0.3997497142084752,0.9973999824238811,0.8224,0.0058,2.67884,0.773,0.205,0.0004,0.02858,0.0208
8,10.993026891326892,11.15715222342576,78.48373413085938,6873.998046875,0.38660209846650523,0.9968999702087138,0.8258,0.0014,2.74912,0.7892,0.1938,0.0,0.03092,0.0206
9,11.05354064912798,11.236001319896047,79.41551971435547,6509.0478515625,0.40493310836339247,0.9976999878329356,0.815,0.008,2.82676,0.7566,0.1926,0.0,0.02934,0.0232
10,11.049362263011947,11.3017034887282,80.24174499511719,6513.248046875,0.4147830623413231,0.9971999780478278,0.8302,0.0004,2.96552,0.8106,0.1702,0.0,0.024360000000000003,0.0214
11,11.011943989467637,11.249609498057927,77.55408477783203,5901.34375,0.412236837373334,0.9972999803168565,0.8228,0.001,3.0582200000000004,0.8114,0.157,0.0,0.023580000000000004,0.019
12,11.11058818054196,11.378566484854058,77.91998291015625,6521.27099609375,0.40987731407939,0.9987999982719975,0.8294,0.0014,3.0659,0.809,0.171,0.0002,0.0242,0.0198
13,10.970371091270486,11.237254155848508,77.13898468017578,7038.4287109375,0.40572678943419255,0.9972999803168565,0.834,0.0042,3.0005,0.8102,0.2276,0.0002,0.03266,0.0176
14,11.004008772659262,11.218468528714657,77.23822021484375,6695.361328125,0.4088915679688241,0.9970999756107949,0.8448,0.0016,3.1527200000000004,0.8258,0.1914,0.0,0.027600000000000003,0.0178
15,11.088201192092894,11.299244132763999,76.50690460205078,5740.830078125,0.41113893858079903,0.9975999861759203,0.8552,0.0056,2.8791,0.8162,0.2414,0.0,0.03286,0.0192
16,10.971856302165987,11.17694992892717,79.03321838378906,6813.015625,0.40572678943419255,0.9977999893519485,0.8534,0.004,3.2725000000000004,0.8326,0.1356,0.0,0.02238,0.016
17,11.005373274612406,11.223485251126345,75.66941833496094,6211.1171875,0.40294452822700905,0.9975999861759203,0.8386,0.0022,2.87872,0.829,0.1784,0.0,0.02432,0.0158
18,10.94165408210752,11.203586509845595,75.6424789428711,7221.8466796875,0.41105817930748584,0.9972999803168565,0.8052,0.0022,3.05476,0.8504,0.2164,0.0002,0.03216,0.0198
19,10.926603038692443,11.164382804522347,77.8058853149414,5768.509765625,0.4184860620357549,0.9963999533433954,0.853,0.0042,2.9283400000000004,0.8054,0.2052,0.0,0.031100000000000003,0.0204
20,11.07482894983293,11.253006341064442,80.5724105834961,6743.01708984375,0.4009496644210665,0.9964999571244748,0.8376,0.0008,3.2176600000000004,0.7776,0.2072,0.0004,0.032760000000000004,0.0226
21,11.119282336235035,11.29565200058621,80.82532501220703,7051.5703125,0.3997497142084752,0.9958999310778414,0.828,0.0012,2.9493400000000003,0.7664,0.2302,0.0004,0.03438,0.0206
22,11.014104450702689,11.195014366968714,78.74681091308594,6733.74609375,0.4005499342865191,0.9970999756107949,0.8232,0.001,3.1425,0.7726,0.1836,0.0,0.02894,0.0196
23,10.968796701145164,11.12553045696073,78.19822692871094,6280.162109375,0.3971419756055259,0.9968999702087138,0.8752,0.0004,3.24912,0.7596,0.2586,0.0002,0.0408,0.0234
24,11.03462338600156,11.214078255172312,77.677490234375,6482.1083984375,0.4009496644210665,0.9972999803168565,0.804,0.0,3.03114,0.7652,0.2028,0.0002,0.02706,0.0176
25,11.07910760622027,11.258828297594064,79.90484619140625,6662.841796875,0.41204054730160505,0.9975999861759203,0.8118,0.001,3.0548,0.7846,0.151,0.0002,0.02074,0.0188
26,11.037484079170282,11.2144643140488,77.55880737304688,6366.5732421875,0.402745325235225,0.9968999702087138,0.8234,0.0008,2.92822,0.7778,0.1856,0.0004,0.0297,0.0218
27,11.03190797491071,11.213991378892457,76.27418518066406,6003.0859375,0.39673982800667434,0.9973999824238811,0.8372,0.0004,2.9119200000000003,0.7476,0.1478,0.0,0.02186,0.0178
28,11.119089152050005,11.292927205110473,78.7431411743164,6682.4677734375,0.41145131017859465,0.9974999843749024,0.7908,0.0012,2.90248,0.7746,0.1874,0.0004,0.02774,0.0218
29,11.001181953430184,11.166026402302334,79.89047241210938,6875.4970703125,0.4015487855996563,0.996999972999757,0.8538,0.0,3.06978,0.779,0.1936,0.0002,0.028960000000000003,0.021
