,1-Wasserstein_PCA,2-Wasserstein_PCA,Linear_MMD_PCA,Poly_MMD_PCA,RBF_MMD_PCA,KNN identity,KNN identity PCA,precision,recall,density,coverage,precision_PCA,recall_PCA,density_PCA,coverage_PCA
0,11.094819381237034,11.272777136439288,84.85662078857422,8184.40869140625,0.15022778511047363,0.6490850230843317,0.9944998886227446,0.663,0.772,0.8198000000000001,0.966,0.2,0.116,0.0413,0.129
1,10.83897996139525,10.981496196976652,79.92391204833984,6964.67041015625,0.1409590244293213,0.6504684547780437,0.995999935998976,0.633,0.819,0.8173,0.963,0.272,0.12,0.04680000000000001,0.128
2,10.736195531845079,10.87608957659642,77.35353088378906,6442.52783203125,0.14195632934570312,0.6613963026176768,0.995999935998976,0.729,0.775,0.8685,0.964,0.226,0.119,0.0474,0.149
3,11.065878658771522,11.243439534403235,87.33067321777344,7647.17333984375,0.14369583129882812,0.6724169284697531,0.9944998336199671,0.685,0.773,0.7671000000000001,0.975,0.335,0.106,0.0621,0.134
4,10.942072720050799,11.102224930652294,85.92900848388672,7847.501953125,0.1445000171661377,0.6779717932338518,0.993499959374746,0.683,0.773,0.8289,0.959,0.256,0.178,0.05280000000000001,0.149
5,10.995519842147836,11.15564896344556,85.43559265136719,7996.892578125,0.14584898948669434,0.6489940969243296,0.9949998749968749,0.687,0.782,0.7309000000000001,0.975,0.251,0.125,0.0504,0.127
6,11.255880907535559,11.457816749570927,95.24150848388672,9835.583984375,0.1497802734375,0.6456171295792912,0.9949999799999201,0.689,0.809,0.7579,0.969,0.238,0.15,0.046400000000000004,0.139
7,11.005825434207908,11.13340162452342,88.04320526123047,8836.1220703125,0.1510310173034668,0.6693742795698064,0.9959999639996759,0.677,0.806,0.6835,0.969,0.209,0.109,0.038200000000000005,0.122
8,10.911619752883913,11.054745162414479,84.0157241821289,6750.02392578125,0.1505136489868164,0.6747072365128616,0.9959999639996759,0.675,0.785,0.8128000000000001,0.957,0.232,0.126,0.0477,0.134
9,10.911325110435499,11.080700594928032,76.96837615966797,5613.001953125,0.14400196075439453,0.6664558887912926,0.9914998278715144,0.68,0.799,0.6777000000000001,0.97,0.239,0.124,0.0494,0.122
10,11.165789620876307,11.356112631941643,86.0739974975586,6571.69873046875,0.14592623710632324,0.6732471614600037,0.9924995781012682,0.69,0.799,0.7866,0.974,0.274,0.102,0.0583,0.127
11,11.06303713417052,11.218090274210207,88.00192260742188,9752.3115234375,0.1478891372680664,0.6502273522210562,0.99499991999872,0.668,0.835,0.6584,0.964,0.228,0.141,0.0442,0.132
12,10.966384771347041,11.11201259217808,86.49779510498047,7488.13232421875,0.14687585830688477,0.6673222375514916,0.9929998249956249,0.678,0.805,0.6866,0.958,0.222,0.125,0.0437,0.128
13,10.85770326900482,11.045999269125248,80.18521118164062,7053.615234375,0.14389371871948242,0.6552098174096894,0.9974999943749873,0.702,0.758,0.8335000000000001,0.937,0.196,0.135,0.0429,0.141
14,11.03790292215349,11.204551865290446,93.75099182128906,8081.76220703125,0.14565634727478027,0.6702931906510805,0.9964999781248634,0.644,0.795,0.7690000000000001,0.961,0.249,0.098,0.048600000000000004,0.126
15,10.698663810253155,10.81946995112022,73.6524658203125,6117.82763671875,0.1371171474456787,0.6564896088106665,0.9944998886227446,0.681,0.807,0.7434000000000001,0.955,0.244,0.154,0.04020000000000001,0.139
16,10.867567787170422,11.016657329176406,83.18582916259766,7595.6201171875,0.14923501014709473,0.6782024317554458,0.9939997839922237,0.67,0.775,0.8164,0.938,0.263,0.09,0.0539,0.138
17,11.172137483596812,11.317706134419666,83.2591323852539,6112.3037109375,0.1524341106414795,0.6630510998277455,0.9944998336199671,0.678,0.801,0.746,0.973,0.195,0.113,0.039200000000000006,0.103
18,10.833401333808903,10.979488134282809,82.47711181640625,6606.53125,0.1430048942565918,0.6444956450716521,0.9919996079807911,0.689,0.789,0.8681,0.977,0.274,0.145,0.05530000000000001,0.157
19,11.005973411560044,11.166991080700647,78.52017211914062,6187.04052734375,0.14536023139953613,0.6676857470015907,0.994,0.673,0.812,0.6463000000000001,0.957,0.237,0.177,0.043800000000000006,0.161
20,10.718741797924045,10.862841909315044,75.62590789794922,5289.095703125,0.1464707851409912,0.6519471400987988,0.9964999571244748,0.695,0.795,0.8025000000000001,0.983,0.207,0.158,0.0417,0.145
21,10.951676683425902,11.085260474104683,81.19579315185547,5815.99267578125,0.15113282203674316,0.6337524166336443,0.9949998749968749,0.651,0.806,0.6551,0.968,0.224,0.1,0.042300000000000004,0.132
22,11.177544407844541,11.333726054025673,90.4345932006836,6831.77197265625,0.15660572052001953,0.6680816999623775,0.9954999088731546,0.67,0.806,0.6728000000000001,0.977,0.203,0.098,0.038900000000000004,0.122
23,11.49325118684768,11.720950505637981,96.25625610351562,9351.548828125,0.15834689140319824,0.6749438927074064,0.9954999718748242,0.639,0.838,0.6697000000000001,0.984,0.21,0.146,0.03900000000000001,0.122
24,11.123980679988847,11.281060382971885,84.21099853515625,6761.9912109375,0.15015149116516113,0.6553820545081555,0.9944998336199671,0.643,0.796,0.6803,0.983,0.239,0.119,0.0479,0.145
25,11.198447947025283,11.413031229814553,93.34168243408203,9157.03515625,0.14911818504333496,0.6744500567200442,0.9939999039984639,0.689,0.803,0.6469,0.983,0.228,0.149,0.0425,0.126
26,10.89333549594879,11.059303328213682,78.82161712646484,5388.18896484375,0.14996743202209473,0.6549830941716146,0.99499991999872,0.687,0.825,0.7406,0.952,0.231,0.141,0.05160000000000001,0.146
27,11.29709402608872,11.545470649275206,85.90873718261719,8630.73046875,0.15160584449768066,0.6598772156748587,0.9939997839922237,0.624,0.781,0.8119000000000001,0.953,0.243,0.114,0.0473,0.148
28,11.038328643798827,11.205346896390626,80.7181625366211,7363.78369140625,0.14378046989440918,0.6695476106790196,0.9949998749968749,0.683,0.816,0.7612000000000001,0.957,0.307,0.149,0.056799999999999996,0.154
29,11.205636769771573,11.424981525164137,82.06436157226562,6540.3876953125,0.14676523208618164,0.6629430373733161,0.9944998886227446,0.701,0.792,0.5942000000000001,0.97,0.239,0.162,0.0456,0.134
