,1-Wasserstein_PCA,2-Wasserstein_PCA,Linear_MMD_PCA,Poly_MMD_PCA,KNN identity,KNN identity PCA,precision,recall,density,coverage,precision_PCA,recall_PCA,density_PCA,coverage_PCA
0,8.259468089818922,8.56850732330318,20.932422637939453,1657.18603515625,0.8368210319558813,0.9917495663365805,0.342,0.1135,4.3678,0.4755,0.518,0.063,0.14965,0.068
1,8.316658745884899,8.651033766085883,23.913137435913086,2251.89794921875,0.8385551845789521,0.9879984127900916,0.36,0.124,4.66215,0.469,0.526,0.0355,0.16620000000000001,0.065
2,8.439119077920914,8.742770435905507,23.016956329345703,2013.54150390625,0.8344930557511903,0.9867483228346088,0.314,0.116,3.6012500000000003,0.462,0.636,0.0655,0.1806,0.077
3,8.45343494141102,8.813230943599633,23.908660888671875,2203.7099609375,0.8474865845669615,0.9907492084791505,0.343,0.0835,4.0668500000000005,0.4905,0.479,0.0455,0.1438,0.068
4,8.23849353373051,8.550052588284366,22.382640838623047,2125.015380859375,0.8362088477870233,0.9897491229093289,0.362,0.111,5.37635,0.4885,0.5505,0.067,0.12875,0.0725
5,8.459449395418178,8.795085810106615,23.353422164916992,1879.8299560546875,0.8385768471476989,0.9889987871162796,0.3395,0.0975,4.61575,0.458,0.554,0.0445,0.1713,0.0595
6,8.26860102009774,8.602878017739343,21.463254928588867,1493.0330810546875,0.8250024703315073,0.9904993135754057,0.357,0.1,4.77025,0.4915,0.506,0.092,0.1529,0.0805
7,8.453335549354575,8.772883441553835,22.073713302612305,2101.662109375,0.844834300357107,0.9902490730525071,0.3255,0.1035,4.22885,0.477,0.535,0.046,0.16345,0.0735
8,8.3314275686741,8.671539352327253,23.548362731933594,2231.54638671875,0.8431526715197173,0.9882483775416243,0.348,0.1125,4.6728000000000005,0.4925,0.5995,0.038,0.16720000000000002,0.072
9,8.475968014597887,8.794628585652262,26.052026748657227,2675.8291015625,0.8527852035746428,0.9899993599590374,0.3395,0.1145,3.6766,0.4485,0.4805,0.0945,0.13965000000000002,0.0745
10,8.382584032177919,8.692242820655592,21.153425216674805,2157.1650390625,0.8434775519361519,0.9887490373395074,0.3615,0.1035,4.86395,0.4665,0.504,0.07,0.15655,0.075
11,8.262332811593998,8.604822659696014,21.394489288330078,2153.072021484375,0.8282887263291061,0.9882486419836892,0.324,0.106,4.29305,0.482,0.6045,0.075,0.21295000000000003,0.0795
12,8.389736907362941,8.725032460198776,24.305805206298828,2286.474609375,0.8443076563981005,0.9882486419836892,0.3255,0.1165,3.93705,0.476,0.566,0.065,0.1622,0.0755
13,8.361590240955355,8.733182429110704,21.756498336791992,1536.640380859375,0.8376669996007946,0.9892489779809693,0.349,0.1155,4.2495,0.4775,0.5545,0.102,0.18695,0.066
14,8.41980262553691,8.780247505035144,21.773731231689453,2527.625732421875,0.8364794683620476,0.9897491229093289,0.327,0.122,4.001250000000001,0.4585,0.5855,0.06,0.1381,0.063
15,8.51471752202512,8.822156003989242,26.234338760375977,2921.161376953125,0.8474425803215129,0.9874986217230449,0.3435,0.1225,3.9960500000000003,0.4895,0.5465,0.0625,0.15625,0.076
16,8.25307734727858,8.551406079811072,21.871248245239258,1998.569091796875,0.8364779968855579,0.9907493703790214,0.337,0.1305,4.4431,0.5025,0.5075,0.07,0.1363,0.0755
17,8.340984978854653,8.683418145879102,21.06659507751465,1948.9598388671875,0.8407113483916471,0.98999899989999,0.3695,0.094,4.6601,0.466,0.436,0.0395,0.12365,0.071
18,8.428876418471333,8.78724059716419,20.799942016601562,1476.7769775390625,0.847857196655871,0.9907493703790214,0.349,0.105,4.31885,0.4975,0.5955,0.054,0.18295,0.068
19,8.395897174000734,8.72947729490917,25.73525047302246,2252.00732421875,0.8387512899896801,0.9907492084791505,0.333,0.12,4.1985,0.4825,0.5475,0.0465,0.14115,0.069
20,8.333344045519842,8.689065307660638,22.19965362548828,2371.566650390625,0.8473974465513334,0.9892493542893421,0.354,0.0965,4.7135,0.467,0.614,0.109,0.1849,0.079
21,8.281428919911395,8.609120767263194,24.042068481445312,2042.65576171875,0.8583908819854305,0.990749291742649,0.3585,0.1105,4.2044,0.497,0.5015,0.0895,0.167,0.0735
22,8.354447314739232,8.670630622701903,23.578325271606445,2202.92529296875,0.8406716280518047,0.9892489779809693,0.323,0.108,4.132750000000001,0.4935,0.589,0.09,0.1884,0.08
23,8.326098616600024,8.641570494949551,23.475339889526367,1928.1175537109375,0.8410094119037359,0.9872480864159678,0.3485,0.093,5.3855,0.4985,0.537,0.0745,0.1462,0.0725
24,8.423595605611807,8.714950295118888,23.71302604675293,2003.2816162109375,0.8464334678050796,0.9904992304376655,0.336,0.098,4.468,0.4705,0.4645,0.0745,0.14305,0.075
25,8.313637330889707,8.680949161375734,24.47453498840332,2759.9638671875,0.8538159088617805,0.9909994239631337,0.34,0.121,4.28625,0.4705,0.5525,0.073,0.1462,0.078
26,8.393607983469963,8.721280585453108,25.777151107788086,2535.3037109375,0.8474134573299765,0.9879985478242868,0.345,0.0985,4.78775,0.486,0.4765,0.072,0.15510000000000002,0.076
27,8.427012920022014,8.763838581333435,20.591707229614258,1718.0750732421875,0.8371457944700393,0.9892489779809693,0.324,0.113,4.270300000000001,0.4875,0.567,0.0765,0.16140000000000002,0.0755
28,8.353130391061308,8.680967121225468,22.57028579711914,2149.13916015625,0.8348598398102628,0.9877488353736628,0.334,0.1145,4.5337000000000005,0.475,0.5985,0.0585,0.17865,0.0765
29,8.378688385248191,8.710223822277255,26.892513275146484,2613.279052734375,0.8420055468148337,0.9907492084791505,0.3365,0.105,4.3355500000000005,0.488,0.48,0.0605,0.11845000000000001,0.0755
