,1-Wasserstein_PCA,2-Wasserstein_PCA,Linear_MMD_PCA,Poly_MMD_PCA,RBF_MMD_PCA,KNN identity,KNN identity PCA,precision,recall,density,coverage,precision_PCA,recall_PCA,density_PCA,coverage_PCA
0,13.250511759281148,13.622433487394957,0.7159721851348877,3717.42626953125,1.23944091796875,0.9194847020933978,0.9964999571244748,0.985,0.0,45.5589,0.541,0.975,0.0,1.3158,0.034
1,13.477196306705466,13.883020914980982,-2.346369743347168,3988.461181640625,1.237226963043213,0.9261007779275592,0.995999935998976,0.993,0.0,43.9125,0.525,0.981,0.0,1.2176,0.026
2,13.389062612533587,13.753845082548674,-0.45054978132247925,4218.5107421875,1.2016470432281494,0.9184650491877207,0.9984999966249923,0.992,0.0,42.911500000000004,0.538,0.978,0.0,1.0466,0.036
3,13.25678015136718,13.62211528554771,3.2223854064941406,4012.64990234375,1.2043557167053223,0.9189749373376825,0.9939997839922237,0.984,0.0,42.55350000000001,0.525,0.975,0.0,1.5565,0.037
4,13.4259759116173,13.815491199686777,2.9513192176818848,3967.640380859375,1.2512667179107666,0.9250841985731304,0.9939997839922237,0.994,0.0,41.14750000000001,0.503,0.979,0.0,1.2709000000000001,0.041
5,13.3103311419487,13.6996988967886,-2.1563127040863037,3609.1767578125,1.2458724975585938,0.9113132094943242,0.995999935998976,0.987,0.0,45.609500000000004,0.566,0.983,0.0,1.0169000000000001,0.035
6,13.47765639495849,13.872320640505794,3.0558581352233887,4246.3525390625,1.2230377197265625,0.9281325958632016,0.997999991999968,0.987,0.0,43.6787,0.541,0.98,0.0,1.2136,0.029
7,13.347761288166025,13.717966851128342,1.2202937602996826,4078.251953125,1.2574961185455322,0.9199943442542731,0.9954999088731546,0.991,0.0,43.5677,0.53,0.983,0.0,1.8542000000000003,0.035
8,13.099450462341325,13.465562161263362,-1.3667477369308472,3355.488037109375,1.1910502910614014,0.9174448995042667,0.9964999571244748,0.989,0.0,45.439800000000005,0.544,0.984,0.0,1.2387000000000001,0.029
9,13.421754654884335,13.789228620856635,-1.0348312854766846,3695.637451171875,1.250568151473999,0.9286402756294481,0.9939997839922237,0.991,0.0,41.3669,0.505,0.989,0.0,1.449,0.033
10,13.145718533515925,13.51473637638828,0.7198584675788879,3405.160400390625,1.2182071208953857,0.9271169082489837,0.9959999639996759,0.987,0.0,44.0427,0.537,0.983,0.001,1.7298,0.043
11,13.472927808761593,13.881053043704673,2.390244245529175,4862.287109375,1.2497563362121582,0.9291478470869841,0.997999991999968,0.99,0.0,43.19630000000001,0.512,0.983,0.0,1.2827000000000002,0.033
12,13.393287891864773,13.790538769765098,-3.5681865215301514,3392.261962890625,1.240187644958496,0.9067017165623366,0.9974999843749024,0.993,0.0,44.840900000000005,0.555,0.985,0.0,1.1577,0.039
13,13.223148244857802,13.55819818760332,2.6363799571990967,4263.52880859375,1.2227716445922852,0.9118249094630767,0.995999935998976,0.987,0.0,44.6171,0.546,0.983,0.0,1.4206,0.035
14,13.260150292396554,13.615996240681454,1.2087552547454834,3634.4951171875,1.216031789779663,0.9199943442542731,0.9954999088731546,0.993,0.0,45.11070000000001,0.546,0.992,0.0,1.2102000000000002,0.034
15,13.477616277694693,13.861682814236694,-0.8787282109260559,4319.208984375,1.2123949527740479,0.9316841073122117,0.9984999966249923,0.987,0.0,41.2214,0.524,0.978,0.0,1.1481999999999999,0.036
16,13.268030269145967,13.651760269658833,1.7795950174331665,4259.595703125,1.180994987487793,0.9138703708787161,0.995999935998976,0.992,0.0,44.798700000000004,0.549,0.988,0.0,1.2449000000000001,0.035
17,13.228571973323827,13.612109879297126,0.6649169921875,3600.326171875,1.22902512550354,0.9087526614857335,0.997999991999968,0.982,0.0,45.6683,0.559,0.977,0.0,1.0292000000000001,0.029
18,13.4564716963768,13.848130077869529,2.2897017002105713,4163.93603515625,1.2432241439819336,0.9291478470869841,0.9939997839922237,0.987,0.0,43.52610000000001,0.531,0.991,0.0,1.9402000000000001,0.055
19,13.336634125232687,13.707466702849556,1.1245713233947754,4061.13330078125,1.2752821445465088,0.9266088988218214,0.9974999843749024,0.994,0.0,45.6467,0.545,0.981,0.0,1.3886,0.03
20,13.302994801998128,13.706400723722309,-1.829407811164856,3891.136474609375,1.2352173328399658,0.9092650468797258,0.9974999843749024,0.985,0.0,42.9885,0.519,0.983,0.0,1.1644,0.032
21,13.224753020763389,13.583550032932946,-2.082249164581299,3422.681396484375,1.2425916194915771,0.9311770655859959,0.996999972999757,0.991,0.0,45.9332,0.553,0.977,0.0,1.2393,0.033
22,13.206503793716442,13.585459481795693,1.087677001953125,3116.8857421875,1.1987054347991943,0.9113132094943242,0.995999935998976,0.983,0.0,44.890600000000006,0.552,0.979,0.0,1.5874000000000001,0.048
23,13.415599910736091,13.799150050567345,2.556218147277832,4410.05517578125,1.243614673614502,0.9240671638507402,0.9949998749968749,0.991,0.0,46.3775,0.556,0.985,0.0,1.3834,0.03
24,13.377602629184732,13.771993133751506,-2.205530881881714,3862.302734375,1.2321672439575195,0.9291478470869841,0.995999935998976,0.99,0.0,43.022000000000006,0.541,0.979,0.0,1.7817,0.04
25,13.366265211105357,13.712835531380783,0.665105402469635,4104.458984375,1.2337281703948975,0.916934636368785,0.995999935998976,0.994,0.0,44.756400000000006,0.548,0.984,0.0,1.618,0.037
26,13.211643639087688,13.588604627696116,0.48499438166618347,3281.5693359375,1.2793493270874023,0.9266088988218214,0.9944998336199671,0.984,0.0,44.8945,0.552,0.982,0.0,1.8248000000000002,0.039
27,13.187973105907439,13.562178222776836,-1.6062092781066895,3458.21435546875,1.2594149112701416,0.9154030841618459,0.9974999843749024,0.993,0.0,47.457300000000004,0.575,0.979,0.0,1.1784000000000001,0.03
28,13.40163550186157,13.781422468771368,-0.1822899729013443,3709.115478515625,1.2601113319396973,0.9194847020933978,0.995999935998976,0.989,0.0,41.9654,0.526,0.983,0.0,1.4343000000000001,0.034
29,13.335540067672698,13.722098252581173,0.32031959295272827,3319.298583984375,1.2618396282196045,0.9255925447751889,0.9954999088731546,0.986,0.0,44.5947,0.535,0.98,0.0,1.3176,0.033
