,1-Wasserstein_PCA,2-Wasserstein_PCA,Linear_MMD_PCA,Poly_MMD_PCA,KNN identity,KNN identity PCA,precision,recall,density,coverage,precision_PCA,recall_PCA,density_PCA,coverage_PCA,KNN category,KNN category PCA,ct,global_f1
0,16.666229382805202,16.77629978866728,213.50286865234375,44804.30078125,0.571975916803503,0.9945650568601389,0.5108695652173914,0.15217391304347827,1.5195652173913043,1.0,1.0,0.0,0.1315217391304348,0.08695652173913043,0.38666666666666666,0.2880658436213992,B cells,0.4824708435799985
1,16.02304393980239,16.232484255602134,181.22021484375,149392.40625,0.8940487623532327,1.0,0.28888888888888886,0.35555555555555557,0.5122222222222222,1.0,0.12222222222222222,0.0,0.017777777777777778,0.08888888888888889,0.32575757575757575,0.3116370808678501,CD14+ Monocytes,0.4824708435799985
2,17.02998747583908,17.15558783623732,233.71226501464844,27761.958984375,0.4427654320987654,0.9976958403015581,0.2534562211981567,0.18433179723502305,1.2147465437788019,1.0,0.6221198156682027,0.0,0.0631336405529954,0.013824884792626729,1.0,0.13071895424836602,CD4 T cells,0.4824708435799985
3,17.153773462071143,17.31656752376226,195.9613037109375,49859.94921875,0.7919125683060109,0.9705627705627706,0.5735294117647058,0.4264705882352941,1.1647058823529413,1.0,0.8970588235294118,0.0,0.2897058823529412,0.27941176470588236,0.028571428571428574,0.15625,CD8 T cells,0.4824708435799985
4,15.579680076012247,15.728133041873491,184.61961364746094,223651.40625,0.45011494252873563,1.0,0.6923076923076923,0.9230769230769231,0.31923076923076926,0.8461538461538461,0.038461538461538464,0.0,0.0038461538461538464,0.038461538461538464,0.48000000000000004,1.0,FCGR3A+ Monocytes,0.4824708435799985
5,18.742787769862584,18.844122106894815,217.21466064453125,110936.890625,0.89272030651341,1.0,0.75,0.5,0.9178571428571429,1.0,0.8214285714285714,0.0,0.21071428571428574,0.42857142857142855,0.0,0.17543859649122806,NK cells,0.4824708435799985
6,16.230806879375294,16.334132674503152,201.19821166992188,41530.60546875,0.7267355515530698,0.9945650568601389,0.5978260869565217,0.11956521739130435,2.123913043478261,1.0,1.0,0.0,0.13369565217391305,0.06521739130434782,0.3825503355704698,0.30158730158730157,B cells,0.4824708435799985
7,15.96241056654189,16.15518346955902,180.1869354248047,152814.921875,0.6919359710057384,1.0,0.32222222222222224,0.4111111111111111,0.2911111111111111,0.8444444444444444,0.13333333333333333,0.0,0.016666666666666666,0.1,0.3218390804597701,0.4642857142857143,CD14+ Monocytes,0.4824708435799985
8,17.052212029558174,17.17695011219236,235.34642028808594,25923.884765625,0.6020350814919987,0.9976958403015581,0.28110599078341014,0.17972350230414746,1.0940092165898618,1.0,0.7142857142857143,0.0,0.07327188940092166,0.018433179723502304,1.0,0.1295774647887324,CD4 T cells,0.4824708435799985
9,16.93831819646499,17.148743090155136,191.4808349609375,45913.7578125,0.7745358090185677,0.9631855340804505,0.6470588235294118,0.20588235294117646,1.5882352941176472,1.0,0.8382352941176471,0.0,0.30294117647058827,0.3235294117647059,0.014492753623188406,0.22580645161290322,CD8 T cells,0.4824708435799985
10,15.374952242924616,15.560796484752839,182.91131591796875,223786.25,0.5486111111111112,1.0,0.5384615384615384,1.0,0.5269230769230769,1.0,0.11538461538461539,0.0,0.015384615384615385,0.07692307692307693,0.4583333333333333,0.49019607843137253,FCGR3A+ Monocytes,0.4824708435799985
11,18.685573543821057,18.780757780631937,214.96051025390625,98984.734375,0.8746402302526384,1.0,0.8928571428571429,0.6428571428571429,0.9500000000000001,1.0,0.9285714285714286,0.0,0.26071428571428573,0.5714285714285714,0.0,0.14102564102564102,NK cells,0.4824708435799985
12,16.413833079130757,16.546347724227548,205.79290771484375,41742.51953125,0.6258690804145349,0.9945650568601389,0.5978260869565217,0.08695652173913043,1.9847826086956524,1.0,1.0,0.0,0.14021739130434782,0.10869565217391304,0.3825503355704698,0.2971887550200803,B cells,0.4824708435799985
13,15.768735769059917,15.919186638608874,176.8994903564453,146210.46875,0.8425,1.0,0.37777777777777777,0.4111111111111111,0.5700000000000001,1.0,0.12222222222222222,0.05555555555555555,0.02777777777777778,0.17777777777777778,0.23837209302325582,0.4915254237288135,CD14+ Monocytes,0.4824708435799985
14,16.717593417189626,16.83193514262327,224.52682495117188,23626.44921875,0.6135670776651512,0.9976958403015581,0.30414746543778803,0.16589861751152074,1.2640552995391705,1.0,0.6682027649769585,0.0,0.07188940092165899,0.04608294930875576,1.0,0.13570127504553733,CD4 T cells,0.4824708435799985
15,16.974942319533408,17.14666075249711,192.2900848388672,49005.0625,0.6928956053500087,0.9705627705627706,0.6323529411764706,0.36764705882352944,1.1264705882352943,1.0,0.8235294117647058,0.0,0.3058823529411765,0.3382352941176471,0.014492753623188406,0.17886178861788618,CD8 T cells,0.4824708435799985
16,16.204729263599106,16.353482151487004,213.52317810058594,254920.140625,0.3333333333333333,1.0,0.5384615384615384,0.9230769230769231,0.27692307692307694,0.7692307692307693,0.038461538461538464,0.0,0.0038461538461538464,0.038461538461538464,0.49019607843137253,1.0,FCGR3A+ Monocytes,0.4824708435799985
17,18.87151139123099,18.96113411632306,219.1238250732422,101579.5,0.6656129258868985,1.0,0.7142857142857143,0.5,1.0321428571428573,1.0,0.8571428571428571,0.0,0.2821428571428572,0.6071428571428571,0.0,0.08823529411764706,NK cells,0.4824708435799985
