,1-Wasserstein_PCA,2-Wasserstein_PCA,Linear_MMD_PCA,Poly_MMD_PCA,KNN identity,KNN identity PCA,precision,recall,density,coverage,precision_PCA,recall_PCA,density_PCA,coverage_PCA,KNN category,KNN category PCA,ct,global_f1
0,20.321253071660582,20.470459549062568,299.4576416015625,117530.140625,0.3333333333333333,0.9945650568601389,0.9782608695652174,0.10869565217391304,4.405434782608696,1.0,0.9891304347826086,0.0,0.1565217391304348,0.07608695652173914,0.2430167597765363,0.2401129943502825,B cells,0.547373853708318
1,25.261957889133033,25.557733434488608,488.8701171875,723275.75,0.3333333333333333,1.0,0.6666666666666666,0.3333333333333333,1.2144444444444444,1.0,0.1,0.0,0.02666666666666667,0.17777777777777778,0.26666666666666666,0.2719298245614035,CD14+ Monocytes,0.547373853708318
2,21.47575160435269,21.59401075462199,360.3832092285156,89540.609375,0.3333333333333333,0.9976958403015581,0.9953917050691244,0.23963133640552994,1.8801843317972349,0.6267281105990783,0.055299539170506916,0.0,0.005529953917050692,0.004608294930875576,0.3294483294483294,0.24410377358490565,CD4 T cells,0.547373853708318
3,21.692185233621032,21.904333984906998,314.3040771484375,96534.4296875,0.3333333333333333,0.9926466612598,0.9411764705882353,0.39705882352941174,3.310294117647059,1.0,0.9117647058823529,0.0,0.32794117647058824,0.19117647058823528,0.027397260273972608,0.0896057347670251,CD8 T cells,0.547373853708318
4,28.070918816786552,28.24405370237279,651.3897705078125,1749768.375,0.5751633986928104,0.9614814814814816,0.07692307692307693,1.0,0.11923076923076924,0.8846153846153846,0.0,0.2692307692307692,0.0,0.0,0.32,0.32,FCGR3A+ Monocytes,0.547373853708318
5,25.560334137507844,25.906370513388534,380.8733215332031,327460.53125,0.3333333333333333,1.0,0.6071428571428571,0.6071428571428571,0.9142857142857143,1.0,0.6071428571428571,0.0,0.42500000000000004,0.75,0.10526315789473684,0.16170212765957448,NK cells,0.547373853708318
6,20.28813410841901,20.408053430134753,300.1275939941406,119294.6640625,0.3333333333333333,0.9945650568601389,0.9782608695652174,0.22826086956521738,3.9336956521739133,1.0,0.9891304347826086,0.0,0.15108695652173915,0.07608695652173914,0.2430167597765363,0.1932584269662921,B cells,0.547373853708318
7,24.058962896135117,24.32484837835788,425.389892578125,601313.5,0.3333333333333333,1.0,0.7777777777777778,0.37777777777777777,1.1255555555555556,1.0,0.05555555555555555,0.0,0.012222222222222223,0.07777777777777778,0.21518987341772153,0.289308176100629,CD14+ Monocytes,0.547373853708318
8,21.669071698518387,21.850189632509295,365.47845458984375,91524.125,0.3333333333333333,0.9976958403015581,0.9861751152073732,0.11059907834101383,1.8262672811059908,0.2073732718894009,0.07834101382488479,0.0,0.00783410138248848,0.004608294930875576,0.3286604361370717,0.24530516431924881,CD4 T cells,0.547373853708318
9,22.135685121311862,22.43969318810131,329.51763916015625,98136.25,0.3333333333333333,0.9926466612598,0.9411764705882353,0.3088235294117647,3.3705882352941177,1.0,0.8970588235294118,0.0,0.3161764705882353,0.11764705882352941,0.016901408450704224,0.053497942386831275,CD8 T cells,0.547373853708318
10,28.378038039574253,28.5404685886877,698.969970703125,1895958.5,0.5908902691511387,1.0,0.15384615384615385,0.6538461538461539,0.13461538461538464,0.8461538461538461,0.0,0.0,0.0,0.0,0.49019607843137253,0.49019607843137253,FCGR3A+ Monocytes,0.547373853708318
11,24.52013955797468,24.701283585581557,331.7574768066406,160741.75,0.3333333333333333,1.0,0.8571428571428571,0.42857142857142855,1.042857142857143,1.0,0.8571428571428571,0.0,0.48214285714285715,0.8214285714285714,0.038709677419354833,0.07058823529411765,NK cells,0.547373853708318
12,20.805447733920552,21.022431068872486,314.6473083496094,119721.765625,0.3333333333333333,0.9945650568601389,0.9565217391304348,0.20652173913043478,3.7021739130434783,1.0,0.967391304347826,0.0,0.15543478260869567,0.06521739130434782,0.18850574712643678,0.18728323699421964,B cells,0.547373853708318
13,23.39691545698378,23.66928111218237,411.684326171875,574745.6875,0.3333333333333333,1.0,0.7777777777777778,0.3111111111111111,1.4811111111111113,1.0,0.08888888888888889,0.0,0.03333333333333333,0.18888888888888888,0.22222222222222224,0.29856850715746425,CD14+ Monocytes,0.547373853708318
14,21.58726354238625,21.725995579298445,363.2093505859375,90690.9765625,0.3333333333333333,0.9976958403015581,0.9953917050691244,0.2672811059907834,1.8705069124423965,1.0,0.055299539170506916,0.0,0.005990783410138249,0.009216589861751152,0.24649532710280375,0.19479905437352246,CD4 T cells,0.547373853708318
15,21.620177212883444,21.829619681786596,300.1973571777344,95353.96875,0.3333333333333333,0.9926466612598,0.9852941176470589,0.3088235294117647,3.4088235294117646,1.0,0.8823529411764706,0.0,0.3220588235294118,0.20588235294117646,0.06410256410256411,0.14948453608247422,CD8 T cells,0.547373853708318
16,27.965981116661666,28.173864802377473,691.6709594726562,1892889.75,0.5908902691511387,0.9807621161672215,0.15384615384615385,1.0,0.2153846153846154,1.0,0.0,0.38461538461538464,0.0,0.0,0.49019607843137253,0.49019607843137253,FCGR3A+ Monocytes,0.547373853708318
17,25.02153594153268,25.192623316481498,372.7449035644531,243941.78125,0.3333333333333333,1.0,0.75,0.6071428571428571,1.017857142857143,1.0,0.7857142857142857,0.0,0.40714285714285714,0.9285714285714286,0.07575757575757576,0.10526315789473684,NK cells,0.547373853708318
