,1-Wasserstein_PCA,2-Wasserstein_PCA,Linear_MMD_PCA,Poly_MMD_PCA,KNN identity,KNN identity PCA,precision,recall,density,coverage,precision_PCA,recall_PCA,density_PCA,coverage_PCA,KNN category,KNN category PCA,ct,global_f1
0,16.05932932314665,16.140193293612064,246.51768493652344,64456.265625,0.7376114081996434,0.9945650568601389,0.2391304347826087,0.5978260869565217,0.6347826086956522,0.9891304347826086,0.9347826086956522,0.0,0.09347826086956523,0.010869565217391304,0.4860335195530726,0.42138364779874216,B cells,0.5694060597222347
1,15.136117596096458,15.265574394809432,213.21473693847656,206450.59375,0.45280437756497954,1.0,0.2777777777777778,0.7333333333333333,0.25222222222222224,0.9,0.022222222222222223,0.0,0.0022222222222222222,0.011111111111111112,0.327683615819209,0.4943820224719101,CD14+ Monocytes,0.5694060597222347
2,16.275591582197194,16.354774635439142,253.81777954101562,33854.68359375,0.448480658436214,0.9976958403015581,0.2073732718894009,0.5529953917050692,0.33917050691244244,0.9953917050691244,0.3087557603686636,0.0,0.03179723502304148,0.013824884792626729,1.0,0.16199376947040497,CD4 T cells,0.5694060597222347
3,15.136305780971746,15.259986565142627,206.48492431640625,55448.1640625,0.7692518198237644,0.9926466612598,0.6764705882352942,0.39705882352941174,1.4161764705882354,1.0,0.5588235294117647,0.0,0.07058823529411766,0.08823529411764706,0.04225352112676056,0.4962962962962963,CD8 T cells,0.5694060597222347
4,15.081132705395037,15.186735543927222,216.4332275390625,296202.875,0.3333333333333333,1.0,0.46153846153846156,1.0,0.27692307692307694,0.9230769230769231,0.0,0.0,0.0,0.0,0.49019607843137253,1.0,FCGR3A+ Monocytes,0.5694060597222347
5,15.717495645795546,15.821865537059427,225.45440673828125,112854.5078125,0.6344898660254208,1.0,0.8571428571428571,0.4642857142857143,1.3142857142857143,1.0,0.0,0.0,0.0,0.0,0.0,0.2695035460992908,NK cells,0.5694060597222347
6,15.948931766592938,16.031568922201753,241.84706115722656,63859.84765625,0.49044764608966945,0.9945650568601389,0.21739130434782608,0.6847826086956522,0.3195652173913044,0.9347826086956522,0.8804347826086957,0.0,0.0891304347826087,0.021739130434782608,0.480225988700565,0.2880658436213992,B cells,0.5694060597222347
7,15.326498243543842,15.46119060038258,218.7994842529297,220217.125,0.4861778846153846,1.0,0.2,0.8,0.15222222222222223,0.7111111111111111,0.011111111111111112,0.022222222222222223,0.0022222222222222222,0.022222222222222223,1.0,0.49720670391061456,CD14+ Monocytes,0.5694060597222347
8,16.046213840009987,16.141759592516177,247.3794708251953,31014.87890625,0.6765582655826559,0.9976958403015581,0.1935483870967742,0.4700460829493088,0.30921658986175116,0.9861751152073732,0.3456221198156682,0.0,0.035023041474654376,0.009216589861751152,1.0,0.16615384615384615,CD4 T cells,0.5694060597222347
9,15.453352325102863,15.606245537498221,217.81539916992188,63975.61328125,0.5041666666666667,0.9926466612598,0.6617647058823529,0.3382352941176471,1.548529411764706,1.0,0.5441176470588235,0.0,0.06323529411764706,0.058823529411764705,0.0,0.48872180451127817,CD8 T cells,0.5694060597222347
10,15.245914569267862,15.347105314089276,222.37380981445312,303008.8125,0.3333333333333333,1.0,0.46153846153846156,1.0,0.24615384615384617,0.7307692307692307,0.0,0.0,0.0,0.0,0.49019607843137253,1.0,FCGR3A+ Monocytes,0.5694060597222347
11,15.484684228897091,15.61366502572474,216.72271728515625,111648.3984375,0.6656129258868985,1.0,0.9642857142857143,0.5714285714285714,1.2642857142857142,1.0,0.0,0.0,0.0,0.0,0.0,0.2857142857142857,NK cells,0.5694060597222347
12,15.867110055425892,15.961915321080639,238.3604736328125,61257.62109375,0.5883389830508474,0.9945650568601389,0.20652173913043478,0.6521739130434783,0.3978260869565218,0.9456521739130435,0.9456521739130435,0.0,0.09456521739130436,0.010869565217391304,0.4831460674157303,0.43558282208588955,B cells,0.5694060597222347
13,15.15122015211317,15.2848996079858,214.8839569091797,212995.75,0.6109910466193269,1.0,0.3333333333333333,0.7,0.28444444444444444,0.9444444444444444,0.011111111111111112,0.011111111111111112,0.0022222222222222222,0.022222222222222223,0.49720670391061456,0.49720670391061456,CD14+ Monocytes,0.5694060597222347
14,16.356374564808092,16.43490350305074,257.8250732421875,33344.50390625,0.5555790009371256,0.9976958403015581,0.17972350230414746,0.47465437788018433,0.40230414746543786,0.9907834101382489,0.29493087557603687,0.0,0.029493087557603687,0.004608294930875576,1.0,0.17220543806646524,CD4 T cells,0.5694060597222347
15,15.19889820323271,15.361538898324001,213.7579345703125,58982.62109375,0.36150234741784043,0.9926466612598,0.7352941176470589,0.29411764705882354,1.8602941176470589,1.0,0.5147058823529411,0.0,0.060294117647058824,0.058823529411764705,0.014492753623188406,0.48872180451127817,CD8 T cells,0.5694060597222347
16,14.619827343867374,14.72262485853568,204.5300750732422,276507.84375,0.3746993746993747,1.0,0.5769230769230769,0.9615384615384616,0.29615384615384616,0.8076923076923077,0.0,0.23076923076923078,0.0,0.0,0.49019607843137253,1.0,FCGR3A+ Monocytes,0.5694060597222347
17,14.954435995646884,15.091760846735568,196.78414916992188,78744.0,0.5906432748538012,1.0,0.9642857142857143,0.35714285714285715,1.6178571428571429,1.0,0.0,0.0,0.0,0.0,0.0,0.16216216216216217,NK cells,0.5694060597222347
