,1-Wasserstein_PCA,2-Wasserstein_PCA,Linear_MMD_PCA,Poly_MMD_PCA,RBF_MMD_PCA,KNN identity,KNN identity PCA,precision,recall,density,coverage,precision_PCA,recall_PCA,density_PCA,coverage_PCA
0,8.792055960655203,9.511728737100928,13.53348445892334,894.8154296875,0.15889859199523926,0.4907312790002346,0.9754906803311959,0.932,0.09,4.6474,0.969,0.736,0.204,0.22050000000000003,0.217
1,8.413564201831818,8.86963096721865,15.949249267578125,1430.375732421875,0.14998912811279297,0.47533910338021035,0.9744921882326463,0.956,0.117,5.7392,0.998,0.792,0.189,0.27040000000000003,0.28
2,8.591156314373013,9.14875142234669,16.67888832092285,1809.697021484375,0.15594148635864258,0.4898676321618465,0.9779950488859993,0.95,0.116,4.8204,0.984,0.742,0.186,0.2646,0.273
3,8.647653679847732,9.38338076918849,17.133647918701172,1696.48291015625,0.1493079662322998,0.4702272296466967,0.9679799874921826,0.932,0.164,4.9496,0.995,0.831,0.192,0.3187,0.26
4,9.94254666852951,45.57784620409141,16.48064422607422,4374.8515625,0.15239620208740234,0.4808238041981451,0.9669793621013134,0.965,0.112,5.5041,0.997,0.828,0.179,0.3034,0.28
5,9.107453948497774,16.329140155157805,17.552478790283203,4532.4775390625,0.15030169486999512,0.46495270926952503,0.9689806128830519,0.948,0.109,4.5455,0.993,0.734,0.204,0.2738,0.255
6,8.36885749435424,8.828020024632542,9.519981384277344,-316.546875,0.14606571197509766,0.4615036588244551,0.9714912692011929,0.952,0.089,4.7522,0.999,0.736,0.196,0.2804,0.265
7,8.207224355220802,8.628357141584827,22.4127254486084,1435.082275390625,0.14282822608947754,0.4640507414580777,0.9709846508803157,0.968,0.106,5.401800000000001,1.0,0.848,0.173,0.3271,0.285
8,8.539016746044169,9.104089282500595,17.987451553344727,1120.703857421875,0.15491986274719238,0.5099152404691529,0.9714891587526158,0.954,0.125,5.1891,0.998,0.759,0.221,0.27320000000000005,0.293
9,8.57320195198059,9.141991579117416,22.211868286132812,3863.775390625,0.15311789512634277,0.4869238354808543,0.9749878941407641,0.962,0.119,5.2058,1.0,0.817,0.179,0.3285,0.278
10,8.62740058994293,9.186648406440613,21.868459701538086,2447.664794921875,0.14415264129638672,0.464622632801279,0.9694785663232004,0.955,0.086,4.871300000000001,0.975,0.766,0.167,0.2862,0.268
11,8.607156972408292,10.815481919315186,18.409128189086914,1583.141357421875,0.14948129653930664,0.4648613262776129,0.9684795037973442,0.957,0.142,5.5631,0.999,0.73,0.205,0.2917,0.245
12,8.22058643674849,8.842490441983411,23.68877601623535,3438.45361328125,0.14163494110107422,0.45216011409926304,0.9739895958383353,0.951,0.125,5.4903,0.999,0.788,0.197,0.3103,0.312
13,8.677008347511286,9.263122836548286,25.843229293823242,2740.60888671875,0.15450716018676758,0.5166666666666666,0.9669893045346694,0.95,0.119,4.8329,0.997,0.758,0.196,0.2596,0.259
14,9.15404718923568,23.168565542527666,11.84486198425293,-9168.1923828125,0.1445293426513672,0.47466415157038766,0.965978736710444,0.951,0.132,4.5821,1.0,0.811,0.211,0.3356,0.277
15,11.384328695774066,98.57018123918685,4.138917446136475,-134780.15625,0.14739751815795898,0.48062968164794,0.9639737368541668,0.961,0.155,5.1282,0.998,0.826,0.21,0.37120000000000003,0.334
16,8.304138082504267,9.329548142235186,16.729082107543945,-181.528076171875,0.1440718173980713,0.4454180231673353,0.9699781140451389,0.96,0.085,5.031700000000001,0.997,0.794,0.133,0.32610000000000006,0.249
17,8.616582119464866,9.232657913873842,13.78658390045166,360.929931640625,0.15373921394348145,0.5072784455925277,0.9734853572885626,0.936,0.145,4.1403,0.999,0.807,0.202,0.3371,0.242
18,8.2580873746872,8.629815642265212,16.030168533325195,1706.1431884765625,0.14611411094665527,0.48378874738512245,0.9719898883496942,0.96,0.138,5.7019,1.0,0.788,0.223,0.2866,0.287
19,8.859411375999448,23.043007434440657,22.785335540771484,3291.29736328125,0.144989013671875,0.4796065094834867,0.9679884438282219,0.946,0.151,5.181100000000001,0.999,0.8,0.21,0.28550000000000003,0.267
20,8.247530064105993,8.689684548463402,16.4586238861084,1648.892822265625,0.14577555656433105,0.4444887303453636,0.9759922214797594,0.959,0.096,5.1885,1.0,0.704,0.173,0.2516,0.275
21,8.314329065799718,8.81624639928851,23.190370559692383,3594.408447265625,0.14719176292419434,0.4637213000848749,0.9829975516474372,0.952,0.096,5.040900000000001,0.997,0.777,0.172,0.2781,0.256
22,8.456492970466613,8.986127958977336,15.561623573303223,-70.9033203125,0.14641404151916504,0.46821510637540076,0.9754906803311959,0.953,0.09,4.8207,0.988,0.727,0.191,0.3028,0.283
23,8.47106217098235,9.04521038525604,18.738187789916992,809.0704345703125,0.1454625129699707,0.4744530013230447,0.9664764580926957,0.949,0.083,5.802300000000001,0.995,0.844,0.165,0.3123,0.252
24,8.421606149673469,8.967481753221998,15.767683029174805,1994.447509765625,0.1493208408355713,0.48062968164794,0.9649705402243285,0.973,0.09,6.3879,0.998,0.853,0.148,0.34020000000000006,0.273
25,8.508699543952938,9.108495202006253,14.68227481842041,1600.8642578125,0.14917421340942383,0.4717871853855402,0.9689773845133102,0.946,0.073,5.2105,0.997,0.81,0.167,0.3557,0.275
26,8.432862146377566,8.971285428958806,25.31110382080078,3181.162353515625,0.14934873580932617,0.4907312790002346,0.9754948477917482,0.954,0.137,5.2628,0.998,0.793,0.213,0.2796,0.297
27,8.433120691299438,8.950971872318126,16.98344612121582,1777.4443359375,0.1541285514831543,0.49229106383803717,0.9754916120042083,0.965,0.073,5.8115000000000006,0.992,0.821,0.151,0.34230000000000005,0.284
28,8.50329561710358,8.973313127174222,17.055679321289062,2354.998046875,0.15726613998413086,0.49038325358214574,0.9724905849026829,0.965,0.131,5.2305,1.0,0.812,0.205,0.36410000000000003,0.271
29,8.316214992046346,8.74771787626665,23.35771942138672,3211.48876953125,0.15330743789672852,0.47356565003623835,0.967478853124244,0.958,0.098,5.3463,0.995,0.853,0.148,0.40970000000000006,0.285
