,1-Wasserstein_PCA,2-Wasserstein_PCA,Linear_MMD_PCA,Poly_MMD_PCA,KNN identity,KNN identity PCA,precision,recall,density,coverage,precision_PCA,recall_PCA,density_PCA,coverage_PCA
0,7.235405083847056,7.430982935156278,37.82194900512695,1671.376953125,0.7741109626053471,0.9961999560714923,0.4292,0.7896,0.29296000000000005,0.7252,0.2706,0.075,0.05,0.0422
1,7.396849862480173,7.675528830286181,38.62374496459961,1561.35986328125,0.7642748420641443,0.9955999295988736,0.4172,0.7928,0.264,0.7158,0.2596,0.0466,0.05294,0.0494
2,7.270639075183873,7.511846552276875,37.72486877441406,1616.5146484375,0.7718743986144077,0.9952999285119126,0.4108,0.7996,0.27808000000000005,0.7162,0.2198,0.0412,0.03794,0.0462
3,7.394639114665984,7.74377579866534,33.7242546081543,474.0361328125,0.7637579639099747,0.9953999188545686,0.4216,0.7758,0.31422,0.7454,0.3592,0.056,0.07542,0.0476
4,7.4004333869933925,7.73064385164405,35.94072341918945,1326.82568359375,0.7610334498732236,0.9950999176296152,0.4364,0.7714,0.34180000000000005,0.7614,0.3434,0.045,0.061200000000000004,0.0476
5,7.324388884973509,7.554778920113029,39.938934326171875,2396.6123046875,0.7669100848590531,0.995499931553959,0.4284,0.7916,0.2896,0.723,0.2342,0.0552,0.042820000000000004,0.0462
6,7.4204768342018115,7.788630591113734,36.80925750732422,1268.35791015625,0.7674124041486903,0.9955999429752609,0.423,0.7874,0.3185,0.7238,0.2884,0.104,0.05612,0.0486
7,7.539875663566596,7.885334303184791,39.541507720947266,1704.36376953125,0.7724085956289239,0.9945998539800516,0.434,0.773,0.31938,0.7148,0.3112,0.059,0.06392,0.0464
8,7.418066308975217,7.765055836847092,39.392784118652344,2402.833984375,0.7576310785565108,0.9942998398825024,0.432,0.7804,0.32042000000000004,0.744,0.3176,0.0566,0.07204,0.0502
9,7.288790879058851,7.50859649267594,39.1622428894043,1923.65625,0.7686667520491803,0.9950998823481751,0.432,0.7832,0.30552,0.7202,0.2866,0.0534,0.05,0.042
10,7.37382839384077,7.6322422515101,39.19626998901367,2353.5615234375,0.768527485849929,0.9954999243537284,0.4222,0.7928,0.3184,0.729,0.2948,0.0556,0.04474,0.0396
11,7.58543111896514,7.944450552242523,41.066062927246094,1884.39501953125,0.7656516932971561,0.9958999497743847,0.4086,0.7918,0.26392000000000004,0.707,0.2916,0.0474,0.05432000000000001,0.043
12,7.468445707988751,7.826644533257099,37.65842056274414,1172.65625,0.7676497888456034,0.9957999670717419,0.4088,0.795,0.2717,0.7158,0.3202,0.0562,0.05286,0.0438
13,7.460719762325276,7.759183241663592,36.88985061645508,2220.53076171875,0.7597534861858255,0.9953999263988224,0.411,0.7908,0.28414,0.7156,0.2454,0.055,0.040420000000000005,0.0426
14,7.493062992000558,7.84880482508234,38.6533203125,2010.91552734375,0.7634915064979428,0.9952999285119126,0.4332,0.7912,0.29564,0.7372,0.3562,0.0466,0.060880000000000004,0.0438
15,7.225116695880894,7.453236146698727,37.966304779052734,2316.17919921875,0.7592636779923786,0.9962999644426582,0.4128,0.793,0.30748000000000003,0.7396,0.2776,0.0496,0.04376,0.0448
16,7.50078827610016,7.906486751367985,38.07603454589844,2200.45703125,0.7606469240957003,0.9955999429752609,0.4128,0.791,0.27956,0.7216,0.3942,0.0448,0.06892000000000001,0.0492
17,7.4029494915008724,7.664550418173055,33.669525146484375,852.89453125,0.755420324294622,0.9953999109422759,0.4206,0.793,0.31866,0.7232,0.2028,0.0482,0.03486,0.0472
18,7.363448270225516,7.674180068960788,35.97603988647461,1619.60986328125,0.7566298909172673,0.9955999429752609,0.423,0.7924,0.2781,0.722,0.2896,0.047,0.044800000000000006,0.0456
19,7.525915390396102,7.894241699199895,36.650718688964844,1495.04638671875,0.7644557180811101,0.9956999473243546,0.4048,0.7808,0.30654000000000003,0.7182,0.3068,0.0674,0.055760000000000004,0.0488
20,7.512054650974275,7.846243469177213,38.155860900878906,1393.40673828125,0.7639594917619058,0.9959999590395806,0.4272,0.7846,0.31006,0.7372,0.2468,0.0422,0.049240000000000006,0.0454
21,7.456379510498031,7.748883947453766,41.34403991699219,2011.39404296875,0.7688961456010732,0.9957999327989249,0.4282,0.7894,0.29052,0.7384,0.276,0.0488,0.05274,0.045
22,7.295157211494452,7.531823223690377,38.016845703125,1742.80908203125,0.7688662428546822,0.995299913095393,0.4208,0.7786,0.26872,0.6956,0.2954,0.0466,0.05988,0.0506
23,7.418724016666409,7.759307681593226,36.95429992675781,1096.0302734375,0.7581333577226399,0.9959999537594655,0.408,0.8012,0.26684,0.7006,0.2692,0.0418,0.047740000000000005,0.0488
24,7.2968595999717705,7.505484925499719,38.022682189941406,1578.76318359375,0.7653704258176578,0.9949999031981258,0.423,0.7772,0.30236,0.7308,0.2824,0.0464,0.0502,0.046
25,7.474976364946379,7.784091465855658,37.35295104980469,1949.048828125,0.7681710870469776,0.9941998308670681,0.4214,0.7732,0.27982,0.6958,0.3558,0.063,0.05598,0.046
26,7.4773964311599785,7.851900672545716,38.2667236328125,2713.6962890625,0.7660880734554313,0.9959999686397542,0.432,0.7848,0.30394000000000004,0.7094,0.2922,0.06,0.048580000000000005,0.043
27,7.355573203372944,7.556815749704285,39.209136962890625,1805.71630859375,0.7668399496150138,0.9951999306869992,0.4166,0.7758,0.33662000000000003,0.7536,0.2228,0.048,0.04084,0.0454
28,7.450085418987293,7.719312534161374,39.56599426269531,2197.7421875,0.7648014013623967,0.9944998886227446,0.4232,0.7908,0.28104,0.7326,0.3,0.0556,0.05754000000000001,0.0514
29,7.342477366161341,7.593056092985387,40.040977478027344,2117.7431640625,0.7596552615747211,0.9961999610876016,0.4144,0.8042,0.28198,0.7036,0.2628,0.0504,0.05214,0.0402
