,1-Wasserstein_PCA,2-Wasserstein_PCA,Linear_MMD_PCA,Poly_MMD_PCA,KNN identity,KNN identity PCA,precision,recall,density,coverage,precision_PCA,recall_PCA,density_PCA,coverage_PCA
0,9.618026810050024,10.613394900199602,9.688910484313965,2867.00439453125,0.8216408004004203,0.9962499603902065,0.1095,0.1195,0.666,0.199,0.5965,0.034,0.0878,0.025
1,9.59567800915242,10.521777997998734,9.125736236572266,2549.29248046875,0.8411838797041935,0.997999991999968,0.1085,0.129,0.7201,0.2075,0.452,0.0405,0.057850000000000006,0.0215
2,9.604414610028256,10.536296408688294,9.615548133850098,2632.462890625,0.8192543599582847,0.9974999899999601,0.1145,0.132,0.79575,0.2195,0.3465,0.024,0.05385,0.0385
3,9.675931909799555,10.62961692289815,10.624494552612305,3150.7685546875,0.8357453617641559,0.9964999684997164,0.125,0.102,0.7964000000000001,0.195,0.4395,0.0395,0.0671,0.032
4,9.602393598794942,10.562006841331376,8.602595329284668,2529.065185546875,0.834274949077791,0.9954999279988481,0.118,0.114,0.7139500000000001,0.2085,0.492,0.065,0.07325000000000001,0.029
5,9.864400205612194,10.926612982123967,9.363709449768066,3047.305908203125,0.8385587176248921,0.9964999571244748,0.126,0.108,0.8837,0.21,0.5195,0.034,0.08935,0.0425
6,9.3161715501547,10.151979450049463,8.200030326843262,3204.29833984375,0.8421113544163217,0.9972499792029677,0.101,0.139,0.8237000000000001,0.212,0.487,0.0115,0.07640000000000001,0.024
7,9.477690663218484,10.35468039168596,12.355668067932129,3381.01025390625,0.8292093547113984,0.9957499232329885,0.1,0.1255,0.62875,0.222,0.4465,0.0245,0.08070000000000001,0.0375
8,9.46631954753401,10.358136110105907,9.06490421295166,2969.984130859375,0.8431196373211252,0.9964999781248634,0.118,0.112,1.066,0.2125,0.652,0.069,0.10445,0.032
9,9.443045589327811,10.374375191086479,10.446598052978516,2911.3134765625,0.8402329230433127,0.9972499860780545,0.1025,0.1335,0.8039999999999999,0.213,0.4315,0.04,0.06595,0.0245
10,9.616492886483668,10.562126995588198,9.616599082946777,3688.8505859375,0.8408932350829907,0.9957499402335346,0.0965,0.109,0.7717,0.2275,0.4385,0.0735,0.06365,0.034
11,9.41399864065647,10.313956143553664,12.10421085357666,2588.274169921875,0.8223934775535722,0.9957499402335346,0.1135,0.113,0.89215,0.24,0.4285,0.0505,0.07195,0.0365
12,9.516506287574757,10.447912178667394,9.05689525604248,3183.359375,0.7933420306222456,0.9954999279988481,0.122,0.122,0.77315,0.212,0.3985,0.1105,0.056150000000000005,0.035
13,9.552817120492444,10.531767634249228,12.334412574768066,2870.1953125,0.8466021906662029,0.9959999509993998,0.103,0.1315,0.7264,0.2205,0.369,0.0385,0.0519,0.0315
14,9.604430928945543,10.536659484004208,11.425042152404785,3776.45751953125,0.7497380318033755,0.9962499472648834,0.118,0.126,0.6695500000000001,0.239,0.449,0.0145,0.08855,0.035
15,9.611116332530983,10.544532626784271,10.27694034576416,3046.3759765625,0.8319421738049952,0.9949998987479496,0.1155,0.11,0.73045,0.21,0.4315,0.036,0.07105,0.0375
16,9.552991077184679,10.54931379063969,12.990743637084961,2939.4521484375,0.8200046454120237,0.9972499860780545,0.1105,0.1235,0.8492000000000002,0.2065,0.321,0.101,0.038250000000000006,0.024
17,9.366758736670047,10.295574241063344,12.342996597290039,2903.53173828125,0.8420639027849653,0.9974999899999601,0.0935,0.1265,0.67665,0.232,0.331,0.0485,0.043800000000000006,0.0325
18,9.570056085824955,10.497902256453019,14.45090103149414,3507.565185546875,0.8167665749475891,0.9967499656715124,0.089,0.107,0.6845500000000001,0.213,0.5405,0.0135,0.07805000000000001,0.0295
19,9.357986649751668,10.322804641297981,14.247148513793945,2641.14306640625,0.8289782779439923,0.9954999279988481,0.103,0.1235,0.746,0.217,0.35,0.0515,0.0601,0.0345
20,9.38454011225699,10.277254472716669,12.262618064880371,3436.27490234375,0.835435381866374,0.9949998987479496,0.1165,0.13,0.71745,0.2175,0.5975,0.071,0.10875,0.0315
21,9.442201120853415,10.39992960438378,11.513556480407715,2649.357177734375,0.8370016895107011,0.9947498815442024,0.1,0.1175,0.79935,0.2265,0.5125,0.08,0.08605000000000002,0.041
22,9.54741546571255,10.572578027134664,12.222238540649414,3298.51318359375,0.8345141465147035,0.99499991999872,0.1085,0.1315,0.7023,0.2165,0.601,0.0575,0.1278,0.032
23,9.54589625477791,10.55147187426646,8.45566177368164,2601.65185546875,0.8013593417923952,0.9962499603902065,0.1015,0.1365,0.7501000000000001,0.216,0.348,0.0765,0.05480000000000001,0.032
24,9.402592196345338,10.332959366173863,14.443145751953125,3461.194580078125,0.8378444117130387,0.9977499886093173,0.096,0.124,0.835,0.224,0.4275,0.0195,0.06475,0.022
25,9.357159324646002,10.19663390804885,12.262776374816895,3034.30126953125,0.8379586458234605,0.9972499792029677,0.128,0.115,0.85465,0.2015,0.482,0.019,0.060250000000000005,0.0285
26,9.56801268720626,10.524576174205773,11.453474044799805,2679.927734375,0.7704893293258046,0.9977499886093173,0.097,0.135,0.69075,0.2125,0.3555,0.0075,0.05015,0.0335
27,9.804602368950835,10.845727490673038,12.338698387145996,3780.4521484375,0.8309113952653653,0.9962499716404105,0.0925,0.1285,0.59745,0.213,0.257,0.0695,0.040350000000000004,0.034
28,9.528277267456067,10.548725598186467,8.917895317077637,2507.265869140625,0.8191119021234203,0.9939998784975397,0.11,0.1075,0.8631500000000001,0.224,0.5255,0.035,0.08495000000000001,0.0285
29,9.421094776988037,10.37490612860806,10.139581680297852,2495.87939453125,0.7895833333333333,0.9957499551089009,0.094,0.128,0.5794,0.2195,0.4515,0.074,0.0731,0.0315
