,1-Wasserstein_PCA,2-Wasserstein_PCA,Linear_MMD_PCA,Poly_MMD_PCA,KNN identity,KNN identity PCA,precision,recall,density,coverage,precision_PCA,recall_PCA,density_PCA,coverage_PCA
0,14.307428504562417,15.156062282949259,-0.21472015976905823,4221.01513671875,0.9926996109622681,0.9998999999989999,1.0,0.0,40.2996,0.0844,1.0,0.0,0.5,0.001
1,14.275085886001563,15.139000267698544,2.2948925495147705,4469.4599609375,0.9930996714753589,0.999799999992,1.0,0.0,40.62046000000001,0.0874,1.0,0.0,0.20064000000000004,0.0006
2,14.354927384948757,15.216152418446226,0.7546655535697937,4352.10546875,0.9944998336199671,0.9995999999359999,1.0,0.0,41.85584,0.0882,1.0,0.0,0.4,0.0008
3,14.327776946067823,15.195932841498239,-0.6772000789642334,4175.26953125,0.9924995781012682,1.0,1.0,0.0,44.610260000000004,0.094,1.0,0.0,0.2982,0.0006
4,14.241904220485702,15.084677706238315,0.18642066419124603,4370.08837890625,0.9937997616628383,0.9998999999989999,1.0,0.0,43.19222,0.09,1.0,0.0,0.1,0.0002
5,14.2355430088997,15.10319514122904,1.521929383277893,4546.43408203125,0.9933997124914762,1.0,1.0,0.0,39.82058000000001,0.0852,1.0,0.0,0.1,0.0002
6,14.352488911533344,15.169901583735168,1.5492380857467651,4584.75244140625,0.9938997730105538,0.999799999992,1.0,0.0,39.7715,0.0838,1.0,0.0,0.29956,0.0006
7,14.118265025043476,14.932364117489351,0.5737403631210327,4114.41357421875,0.9934997253633966,0.9995999999359999,1.0,0.0,44.29536,0.0928,1.0,0.0,0.7999200000000001,0.0016
8,14.155499568462348,14.976236983728906,1.5106462240219116,4379.826171875,0.9921995254191265,0.999799999992,1.0,0.0,43.06288000000001,0.0936,1.0,0.0,0.30000000000000004,0.0006
9,14.333713164234162,15.16429665103809,0.8353943228721619,4240.99755859375,0.9940997946138505,0.9998999999989999,1.0,0.0,42.17942,0.0914,1.0,0.0,0.39990000000000003,0.0008
10,14.288793358135235,15.1466440740745,0.8322893977165222,4488.0986328125,0.9931996855534599,0.9998999999989999,1.0,0.0,40.739000000000004,0.0868,1.0,0.0,0.2,0.0004
11,14.263208054542554,15.097834163504414,0.5186766982078552,4412.546875,0.9925995947538088,1.0,1.0,0.0,44.75842,0.0954,1.0,0.0,0.2,0.0004
12,14.366242327880885,15.235906764502062,1.2558223009109497,4538.9169921875,0.9934997253633966,1.0,1.0,0.0,43.88624,0.0948,1.0,0.0,0.4,0.0008
13,14.432227355003322,15.288872621175656,0.6370982527732849,4929.38232421875,0.9933997124914762,0.9998999999989999,1.0,0.0,37.98066,0.0814,0.9994,0.0,0.09994,0.0002
14,14.221384519767774,15.037875275975004,0.7779305577278137,4146.7197265625,0.9926996109622681,0.999799999992,1.0,0.0,42.52064,0.0914,1.0,0.0,0.5,0.001
15,14.300717294406928,15.17186285262874,0.8810828328132629,4557.23583984375,0.9920995069302274,0.999799999992,1.0,0.0,43.532540000000004,0.0922,1.0,0.0,0.30706000000000006,0.0008
16,14.3224946269989,15.151337743271739,3.3349788188934326,5438.37060546875,0.9934997253633966,0.9998999999989999,1.0,0.0,42.141160000000006,0.0898,1.0,0.0,0.4,0.0008
17,14.258828442382814,15.102136996446427,-0.20291806757450104,4142.07421875,0.9934997253633966,1.0,1.0,0.0,41.7302,0.0874,1.0,0.0,0.20002,0.0006
18,14.340623421001437,15.226564222162107,0.11495691537857056,4453.46044921875,0.9943998243784926,1.0,1.0,0.0,40.960800000000006,0.0878,1.0,0.0,0.19714,0.0004
19,14.251111235523165,15.07953362244594,0.6581478118896484,4534.798828125,0.9923995609986433,1.0,1.0,0.0,41.43372,0.0894,1.0,0.0,0.28872000000000003,0.0008
20,14.25900728130333,15.12103527883164,1.4122381210327148,4476.4560546875,0.9932996992234981,0.999799999992,1.0,0.0,46.071780000000004,0.098,1.0,0.0,0.8,0.0016
21,14.164809351062772,14.991779862029357,3.288881540298462,4748.3125,0.9935997378452621,0.999699999973,1.0,0.0,45.06302,0.0958,1.0,0.0,0.9,0.0018
22,14.235115835475936,15.057552499871202,-0.2514035105705261,4084.667724609375,0.9928996420709568,0.9995999999359999,1.0,0.0,42.944880000000005,0.0888,1.0,0.0,0.5135200000000001,0.0014
23,14.297123015880585,15.131758509666472,-0.462747722864151,4054.7568359375,0.9940997946138505,1.0,1.0,0.0,38.00278,0.0804,1.0,0.0,0.32226,0.0008
24,14.240302589035041,15.081185315230183,3.0420494079589844,4841.669921875,0.994299814800983,0.9998999999989999,1.0,0.0,41.37366,0.0874,1.0,0.0,0.60114,0.0016
25,14.282566271400444,15.132675279263605,0.9651121497154236,4046.74072265625,0.9933997124914762,0.999699999973,1.0,0.0,41.95648,0.088,1.0,0.0,0.30116000000000004,0.0012
26,14.387673031806928,15.242788590121688,1.084229826927185,4414.86474609375,0.9929996569831921,0.999699999973,1.0,0.0,45.2993,0.0936,1.0,0.0,0.9193600000000001,0.002
27,14.31768825130465,15.158156031323292,1.627600073814392,4766.26123046875,0.9941998048814362,0.999799999992,1.0,0.0,41.396440000000005,0.0882,1.0,0.0,0.5,0.001
28,14.272619940376304,15.121038458877749,0.4000881612300873,4148.75830078125,0.9925995947538088,0.9998999999989999,1.0,0.0,42.48996,0.0912,1.0,0.0,0.29975999999999997,0.0008
29,14.214243031501749,15.060606042312006,1.8342746496200562,4548.61181640625,0.9927996267326498,0.999699999973,1.0,0.0,44.406740000000006,0.0924,1.0,0.0,0.4,0.0008
