,1-Wasserstein_PCA,2-Wasserstein_PCA,Linear_MMD_PCA,Poly_MMD_PCA,RBF_MMD_PCA,KNN identity,KNN identity PCA,precision,recall,density,coverage,precision_PCA,recall_PCA,density_PCA,coverage_PCA,KNN category,KNN category PCA,ct,global_f1
0,15.099419587455651,15.192546433071872,164.7415313720703,28536.64453125,0.38837718963623047,0.6425835205083867,0.9985519526915857,0.5798954096455549,0.45496535796766746,1.3374201045903547,0.9965357967667436,0.0,0.1784064665127021,0.0,0.0,0.05974264705882354,0.06399117363122327,CD19+ B,0.1817903297072752
1,19.567727975334428,19.73338101544581,247.7787628173828,26246.958984375,0.5712251663208008,0.7078488372093024,0.977580726116781,0.8714285714285714,0.234375,1.56,0.96875,0.14285714285714285,0.28125,0.037142857142857144,0.1875,0.0,0.0,CD34+,0.1817903297072752
2,15.134501288189165,15.21862412355286,158.95790100097656,26420.931640625,0.39720726013183594,0.5047074084620357,0.9985778962199139,0.5547945205479452,0.3741496598639456,1.6703767123287674,1.0,0.0,0.1082766439909297,0.0,0.0,0.010524876981957353,0.015019809591390218,CD4+/CD25 T Reg,0.1817903297072752
3,15.148506719617894,15.231649585869732,161.16761779785156,25629.513671875,0.4553797245025635,0.5585680442221638,0.9991055277266403,0.5834829443447038,0.49554367201426025,1.4091561938958708,1.0,0.0,0.20855614973262032,0.0,0.0,0.0020371785077667433,0.0,CD4+/CD45RA+/CD25- Naive T,0.1817903297072752
4,15.255685478768086,15.341545422333834,157.2524871826172,24741.591796875,0.39231109619140625,0.5645120942136356,0.9974353200055814,0.5656465942744324,0.4249201277955272,1.4638696939782825,1.0,0.0009871668311944718,0.3077742279020234,9.871668311944718e-05,0.0010649627263045794,0.0022875816993464053,0.004602713178294573,CD4+/CD45RO+ Memory,0.1817903297072752
5,15.168908439275615,15.25591956803485,153.85337829589844,41604.23828125,0.35767269134521484,0.5502772894994312,0.9974737315931392,0.5307392996108949,0.33229813664596275,1.7016342412451362,0.999611801242236,0.0011673151750972762,0.33773291925465837,0.0003891050583657588,0.0038819875776397515,0.04463792150359314,0.10832414553472987,CD56+ NK,0.1817903297072752
6,14.987339594841014,15.062337315273075,154.63658142089844,27098.376953125,0.37126588821411133,0.5817785580722341,0.9991666660879626,0.509,0.3616666666666667,1.3726333333333334,0.9993333333333333,0.0003333333333333333,0.09466666666666666,3.3333333333333335e-05,0.0003333333333333333,0.07495872703642559,0.07866781510192362,CD8+ Cytotoxic T,0.1817903297072752
7,14.609677390734378,14.679837552989936,160.75314331054688,25810.32421875,0.44895243644714355,0.5259221823742648,0.9996666666296297,0.5146666666666667,0.3873333333333333,1.6447333333333334,0.9993333333333333,0.0,0.047,0.0,0.0,0.1392716217090368,0.08157421962721761,CD8+/CD45RA+ Naive Cytotoxic,0.1817903297072752
8,16.05949014511875,16.177301291519825,156.54794311523438,20448.5390625,0.30426549911499023,0.5375193080012357,0.9841261223248801,0.7329650092081031,0.31313131313131315,2.15451197053407,1.0,0.055248618784530384,0.3333333333333333,0.04677716390423573,0.2037037037037037,0.0175513698630137,0.018739352640545145,Dendritic,0.1817903297072752
9,15.057326567420633,15.14892368960853,162.08282470703125,27810.435546875,0.39136695861816406,0.6095676700624781,0.9976851355696066,0.5661252900232019,0.4491916859122402,1.3969257540603248,0.9965357967667436,0.000580046403712297,0.3285219399538106,5.80046403712297e-05,0.0005773672055427252,0.050370541917554426,0.06533806533806534,CD19+ B,0.1817903297072752
10,19.722414226389272,19.886753833520107,259.8847351074219,32946.78515625,0.6000657081604004,0.6862523091591681,1.0,0.9154929577464789,0.25,1.4943661971830986,1.0,0.18309859154929578,0.203125,0.030985915492957747,0.140625,0.0,0.0,CD34+,0.1817903297072752
11,15.075176801184947,15.156271010067245,158.01077270507812,26063.17578125,0.39487457275390625,0.5710303704179551,0.9985815529777691,0.5536626916524702,0.40476190476190477,1.3749574105621807,0.9994331065759637,0.0005678591709256105,0.5243764172335601,0.0009085746734809768,0.009070294784580499,0.010170552339227038,0.015713866901201995,CD4+/CD25 T Reg,0.1817903297072752
12,15.297587471090226,15.38492168429893,166.68136596679688,26641.57421875,0.4624898433685303,0.5758948396838085,0.999127048028355,0.5897435897435898,0.49910873440285203,1.333675213675214,1.0,0.0,0.11764705882352941,0.0,0.0,0.0033783783783783786,0.0004266211604095563,CD4+/CD45RA+/CD25- Naive T,0.1817903297072752
13,15.435954096933045,15.530279189508295,159.8052215576172,26289.919921875,0.398212194442749,0.5896589272542063,0.9978347649114749,0.5445544554455446,0.46751863684771033,1.34972497249725,1.0,0.0011001100110011,0.2534611288604899,0.00011001100110011001,0.0010649627263045794,0.003985507246376811,0.006169527896995709,CD4+/CD45RO+ Memory,0.1817903297072752
14,15.163693319236076,15.248300955140177,152.7329559326172,40552.890625,0.3582437038421631,0.559520520113775,0.9972878712889495,0.5251353441608662,0.3326863354037267,1.7108662026295438,1.0,0.0003866976024748647,0.2402950310559006,3.866976024748647e-05,0.00038819875776397513,0.058653086311353055,0.12170604090692881,CD56+ NK,0.1817903297072752
15,14.995972829500847,15.07253222795884,156.7471923828125,27385.140625,0.36869025230407715,0.58426221879417,0.9989999989999989,0.5056666666666667,0.36666666666666664,1.3506,1.0,0.0003333333333333333,0.09066666666666667,3.3333333333333335e-05,0.0003333333333333333,0.05613685434313238,0.07804690503652442,CD8+ Cytotoxic T,0.1817903297072752
16,14.621211372057617,14.691364180028868,160.53688049316406,26085.439453125,0.45070695877075195,0.5433575203868433,0.9993333330370369,0.5283333333333333,0.38533333333333336,1.6509,1.0,0.0,0.06633333333333333,0.0,0.0,0.11982637064889824,0.0823272971160295,CD8+/CD45RA+ Naive Cytotoxic,0.1817903297072752
17,16.012295861672488,16.11740149821973,157.7339324951172,21403.162109375,0.3010826110839844,0.5295062907052585,0.976079159053956,0.7403225806451613,0.3501683501683502,2.0125806451612904,0.9983164983164983,0.054838709677419356,0.2255892255892256,0.0482258064516129,0.16835016835016836,0.014371257485029942,0.019687964338781574,Dendritic,0.1817903297072752
18,15.0838191177147,15.170464948607812,162.64097595214844,29013.349609375,0.3910377025604248,0.5828229230470859,0.9982457669705764,0.5713439905269391,0.4168591224018476,1.6435168738898758,0.9994226327944573,0.0017761989342806395,0.4122401847575058,0.0011249259917110717,0.010392609699769052,0.0532385834109972,0.0672538765024314,CD19+ B,0.1817903297072752
19,18.961277261376377,19.13769567022432,228.74757385253906,25410.5234375,0.5618994235992432,0.7402053216006704,1.0,0.9107142857142857,0.28125,1.2857142857142858,1.0,0.19642857142857142,0.171875,0.03392857142857143,0.140625,0.0,0.0,CD34+,0.1817903297072752
20,15.125396981904695,15.2098471917178,159.05062866210938,26520.52734375,0.39588499069213867,0.5794056789515111,0.9977356338046223,0.532504239683437,0.4098639455782313,1.3772187676653478,0.9994331065759637,0.0005652911249293386,0.47165532879818595,0.00028264556246466934,0.002834467120181406,0.010276372129233163,0.01662269129287599,CD4+/CD25 T Reg,0.1817903297072752
21,15.213707992016063,15.30108754168486,159.009521484375,25160.78125,0.452526330947876,0.5690882620078004,0.9982482513191803,0.6024096385542169,0.5080213903743316,1.3399311531841653,1.0,0.0017211703958691911,0.0855614973262032,0.00017211703958691912,0.0017825311942959,0.0022792022792022795,0.0017094017094017096,CD4+/CD45RA+/CD25- Naive T,0.1817903297072752
22,15.298300413838481,15.378462276824099,157.15011596679688,25313.17578125,0.3963351249694824,0.5858257903712449,0.99842333105491,0.5798755186721992,0.4494142705005325,1.299896265560166,1.0,0.0,0.13738019169329074,0.0,0.0,0.002933411557641537,0.004081632653061225,CD4+/CD45RO+ Memory,0.1817903297072752
23,15.15900013016313,15.239201249449774,152.91000366210938,41068.53125,0.35887908935546875,0.5955458403671035,0.9976607159577172,0.5438527799530148,0.3606366459627329,1.5095144870790917,1.0,0.0011746280344557558,0.3544254658385093,0.0007439310884886453,0.007375776397515528,0.04340824756703773,0.12420160627331943,CD56+ NK,0.1817903297072752
24,15.060737667083705,15.137607352781481,156.7200469970703,28082.583984375,0.37314414978027344,0.6062409828253461,0.9989999989999989,0.49966666666666665,0.381,1.3114666666666668,0.9993333333333333,0.0,0.115,0.0,0.0,0.07588739290085679,0.08031786575847878,CD8+ Cytotoxic T,0.1817903297072752
25,14.610489127794908,14.678361591687162,160.4652099609375,25958.408203125,0.44899725914001465,0.5289227294282172,0.999499999875,0.5036666666666667,0.3973333333333333,1.6041333333333334,1.0,0.0003333333333333333,0.20766666666666667,3.3333333333333335e-05,0.0003333333333333333,0.10504445303440278,0.0809287646528404,CD8+/CD45RA+ Naive Cytotoxic,0.1817903297072752
26,16.38803159202069,16.512554402478017,171.88084411621094,24924.822265625,0.327197790145874,0.567667723981088,0.9849483175228209,0.6993355481727574,0.34175084175084175,1.9215946843853822,1.0,0.04318936877076412,0.23737373737373738,0.04003322259136213,0.18518518518518517,0.014169690686020388,0.015210608424336974,Dendritic,0.1817903297072752
