,1-Wasserstein_PCA,2-Wasserstein_PCA,Linear_MMD_PCA,Poly_MMD_PCA,KNN identity,KNN identity PCA,precision,recall,density,coverage,precision_PCA,recall_PCA,density_PCA,coverage_PCA,KNN category,KNN category PCA,ct,global_f1
0,16.737885209159565,16.887551934664906,188.8435516357422,39976.6953125,0.32661224934896943,0.9993946261967606,0.8207726409119696,0.10219399538106236,3.0098796706776443,0.9994226327944573,0.0006333122229259025,0.22979214780600463,0.003229892336922103,0.029445727482678985,0.07108875900502923,0.08552083333333332,CD19+ B,0.1717153151322828
1,18.42788329720497,18.55890859675246,180.62890625,21113.6328125,0.5263730682725096,0.9687194525904204,0.984375,0.125,2.4468750000000004,0.984375,0.53125,0.09375,0.2828125,0.4375,0.0,0.0,CD34+,0.1717153151322828
2,16.50003044012069,16.645356412284997,184.33033752441406,34617.140625,0.3469812630117973,0.9994665888184886,0.79,0.11337868480725624,3.60445,1.0,0.0015,0.08390022675736962,0.0002,0.0022675736961451248,0.008993427879626427,0.021116138763197585,CD4+/CD25 T Reg,0.1717153151322828
3,16.213798747343183,16.339872672360688,184.6796417236328,33282.08984375,0.3333333333333333,0.9991087336948707,0.928698752228164,0.14616755793226383,4.119964349376114,1.0,0.0,0.37433155080213903,0.0,0.0,0.006470881035340966,0.0017730496453900709,CD4+/CD45RA+/CD25- Naive T,0.1717153151322828
4,16.5367666037319,16.66099979297071,181.51889038085938,33474.74609375,0.3333333333333333,1.0,0.8764643237486688,0.12034078807241747,4.037699680511182,1.0,0.0,0.007454739084132056,0.0,0.0,0.003859649122807018,0.00444560669456067,CD4+/CD45RO+ Memory,0.1717153151322828
5,17.60351025867463,17.731039815641928,176.81680297851562,53044.37890625,0.34981343283582084,1.0,0.773,0.025232919254658384,4.0065,1.0,0.004666666666666667,0.004658385093167702,0.0010666666666666667,0.009704968944099378,0.058475988486592946,0.10425573260785076,CD56+ NK,0.1717153151322828
6,16.61602328840892,16.775969919285988,174.7493896484375,33909.578125,0.3333333333333333,1.0,0.81,0.08533333333333333,3.4334333333333333,0.9996666666666667,0.001,0.004,0.0001,0.001,0.06371087928464977,0.07512013337256056,CD8+ Cytotoxic T,0.1717153151322828
7,15.619131218274422,15.736937928892267,181.0042266845703,32606.845703125,0.3333333333333333,1.0,0.8783333333333333,0.104,4.610033333333333,1.0,0.0,0.0003333333333333333,0.0,0.0,0.14285714285714285,0.11524036822366178,CD8+/CD45RA+ Naive Cytotoxic,0.1717153151322828
8,17.694710238614057,17.826018579204387,164.92608642578125,23010.46484375,0.3333333333333333,0.9417226000882992,0.898989898989899,0.09595959595959595,4.200673400673401,1.0,0.13973063973063973,0.06060606060606061,0.20841750841750845,0.48653198653198654,0.030000000000000002,0.01629398509273704,Dendritic,0.1717153151322828
9,16.723924518577732,16.8860442176575,187.78750610351562,38858.15625,0.32483121426073647,0.9987891833222527,0.8214059531348955,0.08660508083140878,3.4894870170994303,1.0,0.00253324889170361,0.22344110854503466,0.0038632045598480055,0.03464203233256351,0.05772040915733074,0.07416783872480075,CD19+ B,0.1717153151322828
10,18.434923946857452,18.60195799386712,176.00277709960938,20600.009765625,0.5390377412849323,0.9608778042667645,0.96875,0.109375,2.3015625,0.953125,0.578125,0.09375,0.30625,0.484375,0.004395604395604396,0.0,CD34+,0.1717153151322828
11,16.443083914686497,16.582617810644447,183.38270568847656,34304.18359375,0.3469812630117973,0.9991999097028804,0.8005,0.12244897959183673,3.1535,1.0,0.0005,0.12301587301587301,0.0001,0.0011337868480725624,0.011116481391976803,0.022727272727272728,CD4+/CD25 T Reg,0.1717153151322828
12,16.273935175197,16.389994214602268,187.53993225097656,34036.19140625,0.3333333333333333,1.0,0.9251336898395722,0.14260249554367202,4.165953654188948,1.0,0.0,0.0035650623885918,0.0,0.0,0.0017730496453900709,0.0011841326228537593,CD4+/CD45RA+/CD25- Naive T,0.1717153151322828
13,16.423607632248036,16.551409673608024,174.8361358642578,31290.150390625,0.3333333333333333,0.9989350360658713,0.8764643237486688,0.10543130990415335,4.338764643237487,1.0,0.002129925452609159,0.154419595314164,0.013312034078807242,0.1288604898828541,0.0039015606242496998,0.004786836200448766,CD4+/CD45RO+ Memory,0.1717153151322828
14,17.601497881126235,17.724947625202894,176.26028442382812,52379.95703125,0.34981343283582084,1.0,0.7663333333333333,0.026785714285714284,3.9847333333333332,0.999611801242236,0.005333333333333333,0.008152173913043478,0.0006333333333333334,0.006211180124223602,0.04463387201799562,0.11774586377760979,CD56+ NK,0.1717153151322828
15,16.65024081865946,16.828231161922634,176.55145263671875,34475.44921875,0.3333333333333333,1.0,0.809,0.08666666666666667,3.4546,0.9996666666666667,0.0,0.0,0.0,0.0,0.06440237564959168,0.07720010634955164,CD8+ Cytotoxic T,0.1717153151322828
16,15.67392560354868,15.792864257064235,182.81015014648438,33177.296875,0.3333333333333333,1.0,0.8823333333333333,0.09766666666666667,4.761566666666667,1.0,0.0,0.0006666666666666666,0.0,0.0,0.14234784823020116,0.13589996709443894,CD8+/CD45RA+ Naive Cytotoxic,0.1717153151322828
17,17.78974635352187,17.913318865190732,167.0849151611328,22975.05078125,0.3333333333333333,0.9637615515197604,0.8922558922558923,0.09090909090909091,4.287878787878788,1.0,0.1531986531986532,0.016835016835016835,0.18383838383838386,0.4478114478114478,0.020272314674735246,0.012031139419674451,Dendritic,0.1717153151322828
18,16.725262343995414,16.894453199455306,186.18402099609375,38256.59765625,0.32739208461318603,0.9993946261967606,0.830905636478784,0.08833718244803695,3.0635212159594682,0.9988452655889145,0.001266624445851805,0.13856812933025403,0.000253324889170361,0.0023094688221709007,0.06871435442864014,0.07441729851165403,CD19+ B,0.1717153151322828
19,18.34575365483761,18.486721125323154,182.3555908203125,22200.15234375,0.5514553386254738,0.9294765840220386,0.96875,0.15625,2.228125,0.9375,0.515625,0.171875,0.34218750000000003,0.53125,0.0,0.0,CD34+,0.1717153151322828
20,16.56387612373654,16.707102579260233,186.71954345703125,35164.61328125,0.3469812630117973,0.9994665888184886,0.807,0.11564625850340136,3.4278,1.0,0.0015,0.17970521541950113,0.0009,0.00963718820861678,0.01059220028887819,0.02085242896425298,CD4+/CD25 T Reg,0.1717153151322828
21,16.1813524793601,16.30528377669615,185.8511505126953,33413.22265625,0.3333333333333333,1.0,0.9233511586452763,0.14260249554367202,4.615508021390375,1.0,0.0017825311942959,0.0,0.00017825311942959,0.0017825311942959,0.004232804232804232,0.0,CD4+/CD45RA+/CD25- Naive T,0.1717153151322828
22,16.629230325595262,16.772814080204867,180.82955932617188,33124.42578125,0.3333333333333333,1.0,0.8839190628328009,0.11714589989350373,4.414164004259852,1.0,0.003194888178913738,0.03727369542066028,0.0004259850905218318,0.004259850905218318,0.0021141649048625794,0.00521376433785193,CD4+/CD45RO+ Memory,0.1717153151322828
23,17.558410944666186,17.68156365838349,176.6682586669922,52219.921875,0.34981343283582084,1.0,0.7593333333333333,0.02562111801242236,3.7142000000000004,0.999611801242236,0.006,0.008928571428571428,0.0014333333333333333,0.015527950310559006,0.057750759878419454,0.10371562317144528,CD56+ NK,0.1717153151322828
24,16.685666959762557,16.85415978782459,179.7766571044922,35320.265625,0.3333333333333333,0.9998333333287037,0.8126666666666666,0.09066666666666667,3.5107,1.0,0.0003333333333333333,0.036333333333333336,3.3333333333333335e-05,0.0003333333333333333,0.06389578163771713,0.08447362613109688,CD8+ Cytotoxic T,0.1717153151322828
25,15.63711820888523,15.759671389724904,182.56744384765625,32927.80078125,0.3333333333333333,0.9998333333287037,0.883,0.10366666666666667,4.624666666666667,1.0,0.0,0.07266666666666667,0.0,0.0,0.1423843167207689,0.11668591711975661,CD8+/CD45RA+ Naive Cytotoxic,0.1717153151322828
26,17.909284105204566,18.059689610643535,169.9058074951172,24983.01171875,0.3333333333333333,0.9612262737262738,0.8787878787878788,0.09932659932659933,4.103198653198653,1.0,0.14983164983164984,0.045454545454545456,0.20084175084175082,0.4225589225589226,0.020833333333333336,0.014020329477742729,Dendritic,0.1717153151322828
