,1-Wasserstein_PCA,2-Wasserstein_PCA,Linear_MMD_PCA,Poly_MMD_PCA,KNN identity,KNN identity PCA,precision,recall,density,coverage,precision_PCA,recall_PCA,density_PCA,coverage_PCA,KNN category,KNN category PCA,ct,global_f1
0,16.44323759981993,16.546767124245424,186.93768310546875,37896.4609375,0.6401204936509739,0.9985565789788395,0.5161662817551963,0.5473441108545035,1.1065819861431871,0.9948036951501155,0.005196304849884526,0.17782909930715934,0.010854503464203233,0.042725173210161664,0.07387475538160469,0.09210820478426111,CD19+ B,0.24709063766914063
1,19.013724714517593,19.270796552743263,225.43946838378906,25230.515625,0.6923076923076923,0.9765610694012086,0.859375,0.703125,0.884375,1.0,0.3125,0.484375,0.2,0.578125,0.06753246753246753,0.031746031746031744,CD34+,0.24709063766914063
2,16.373416654106705,16.475216419235466,176.30931091308594,32995.1796875,0.618155878721032,0.9960316835425098,0.46825396825396826,0.4665532879818594,1.0941043083900226,0.9994331065759637,0.0005668934240362812,0.21428571428571427,5.668934240362812e-05,0.0005668934240362812,0.009095185824055196,0.025458248472505093,CD4+/CD25 T Reg,0.24709063766914063
3,16.30685188341054,16.410428584235653,184.0218963623047,32835.30078125,0.6138583878774873,0.9982174631418403,0.49554367201426025,0.6024955436720143,0.9192513368983959,0.9982174688057041,0.0035650623885918,0.12834224598930483,0.00035650623885918,0.0035650623885918,0.0029446407538280327,0.001519756838905775,CD4+/CD45RA+/CD25- Naive T,0.24709063766914063
4,16.583958483605592,16.68196250874593,175.21002197265625,31571.474609375,0.6143166064443126,0.9968050792095378,0.5292864749733759,0.5026624068157615,1.0588924387646432,0.9989350372736954,0.004259850905218318,0.44195953141640043,0.020021299254526094,0.19914802981895632,0.002466525722339676,0.00546875,CD4+/CD45RO+ Memory,0.24709063766914063
5,17.610034887835113,17.69597151945778,178.37342834472656,57824.203125,0.6495881203974425,0.9976707948171568,0.4297360248447205,0.483695652173913,0.9031444099378882,0.9957298136645962,0.006987577639751553,0.32104037267080743,0.0019409937888198758,0.019409937888198756,0.08807007521660477,0.13034168702313098,CD56+ NK,0.24709063766914063
6,16.732618013381995,16.838412990800137,177.62176513671875,35273.82421875,0.6351339781789384,0.9989999989999989,0.432,0.4766666666666667,0.8976666666666667,0.9983333333333333,0.0016666666666666668,0.10733333333333334,0.0001666666666666667,0.0016666666666666668,0.06662591687041565,0.09387389691776442,CD8+ Cytotoxic T,0.24709063766914063
7,15.759867828369144,15.8452622985797,183.06597900390625,33229.11328125,0.5988467161464834,0.998666664296292,0.454,0.4726666666666667,1.1417,1.0,0.0006666666666666666,0.4856666666666667,6.666666666666667e-05,0.0006666666666666666,0.12176194119575912,0.10912943669433163,CD8+/CD45RA+ Naive Cytotoxic,0.24709063766914063
8,18.412477376083746,18.553306995261387,193.39630126953125,37555.1953125,0.6527133726944478,0.9680004082882514,0.6632996632996633,0.5454545454545454,1.1131313131313132,0.9983164983164983,0.10101010101010101,0.1936026936026936,0.1245791245791246,0.4107744107744108,0.013910969793322736,0.026018099547511313,Dendritic,0.24709063766914063
9,16.467287471057677,16.56792401781504,187.42575073242188,36785.24609375,0.6536026645948878,0.9982678931867466,0.5138568129330254,0.558891454965358,0.9867205542725174,0.9965357967667436,0.0023094688221709007,0.23787528868360278,0.009295612009237874,0.03348729792147806,0.060170977641385355,0.08996383363471971,CD19+ B,0.24709063766914063
10,19.428087279200554,19.698659579911116,231.8101806640625,26623.35546875,0.7311588831233012,0.9843711843711844,0.796875,0.703125,0.8734375000000001,1.0,0.265625,0.5,0.1421875,0.53125,0.05982905982905983,0.0273972602739726,CD34+,0.24709063766914063
11,16.347950714245414,16.44581624533426,177.37445068359375,33000.421875,0.6230699478509328,0.9982993148089766,0.4846938775510204,0.4824263038548753,1.0335034013605442,0.9994331065759637,0.0011337868480725624,0.30498866213151926,0.0014172335600907031,0.01417233560090703,0.01032608695652174,0.029486527707168274,CD4+/CD25 T Reg,0.24709063766914063
12,16.304706328692923,16.4127618092691,181.8133544921875,32627.3984375,0.6261969114591115,1.0,0.5080213903743316,0.6256684491978609,0.7500891265597148,0.9982174688057041,0.0,0.040998217468805706,0.0,0.0,0.0029446407538280327,0.001519756838905775,CD4+/CD45RA+/CD25- Naive T,0.24709063766914063
13,16.669176052934464,16.76578104038161,177.16293334960938,31831.107421875,0.6478833406628781,0.9973375743118735,0.5079872204472844,0.531416400425985,0.9461128860489882,1.0,0.002129925452609159,0.5729499467518637,0.019382321618743346,0.19275825346112885,0.0035124692658939235,0.005723204994797087,CD4+/CD45RO+ Memory,0.24709063766914063
14,17.67488979589866,17.765631384522194,181.3128204345703,59074.55859375,0.6621061530144108,0.996894379985147,0.4235248447204969,0.4968944099378882,0.8055900621118014,0.9941770186335404,0.007763975155279503,0.38315217391304346,0.0018245341614906833,0.017080745341614908,0.05819802610633557,0.18357487922705315,CD56+ NK,0.24709063766914063
15,16.729013397216775,16.835872750231974,176.3908233642578,35170.33984375,0.6259895622791956,0.9984999966249923,0.44666666666666666,0.4573333333333333,0.9718,0.998,0.0016666666666666668,0.25133333333333335,0.00036666666666666667,0.0036666666666666666,0.07967032967032968,0.09361593135685471,CD8+ Cytotoxic T,0.24709063766914063
16,15.724115664800003,15.814336090480257,181.40284729003906,32904.2109375,0.6205249877202595,0.9984999966249923,0.43133333333333335,0.5013333333333333,1.0016666666666667,0.9983333333333333,0.0003333333333333333,0.38666666666666666,3.3333333333333335e-05,0.0003333333333333333,0.12386706948640482,0.1287506819421713,CD8+/CD45RA+ Naive Cytotoxic,0.24709063766914063
17,18.397554290013694,18.5358992490307,186.64413452148438,35760.6484375,0.6613355944096837,0.9747353735960552,0.6127946127946128,0.5370370370370371,1.2351851851851852,0.9949494949494949,0.10437710437710437,0.25925925925925924,0.13905723905723907,0.468013468013468,0.0126984126984127,0.0350284870225786,Dendritic,0.24709063766914063
18,16.48948651263123,16.594204105139077,186.453369140625,37399.98046875,0.6518189649906585,0.9985565789788395,0.5306004618937644,0.535796766743649,1.1240762124711317,0.9982678983833718,0.0023094688221709007,0.24942263279445728,0.009988452655889145,0.037528868360277134,0.061984368215371254,0.08926444734304996,CD19+ B,0.24709063766914063
19,18.949274733662605,19.172055039186144,227.4857177734375,28371.8203125,0.7087868167004857,0.9531135531135531,0.796875,0.703125,0.8203125,1.0,0.375,0.421875,0.1765625,0.5625,0.05263157894736842,0.024154589371980676,CD34+,0.24709063766914063
20,16.356460257722674,16.450874489929276,176.75555419921875,32901.828125,0.5897876957412373,0.9977324146441793,0.4852607709750567,0.46598639455782315,1.1908163265306122,0.9994331065759637,0.0022675736961451248,0.24546485260770975,0.00022675736961451248,0.0022675736961451248,0.009852216748768471,0.026028440832910105,CD4+/CD25 T Reg,0.24709063766914063
21,16.361705706931268,16.464321734673696,183.16879272460938,32629.8125,0.6184436163903144,0.9982174631418403,0.49554367201426025,0.6417112299465241,0.7122994652406418,1.0,0.0,0.1265597147950089,0.0,0.0,0.0017730496453900709,0.0010149708195889367,CD4+/CD45RA+/CD25- Naive T,0.24709063766914063
22,16.622913404267685,16.721742454546334,176.4098663330078,31502.90234375,0.6239315600867538,0.9968050792095378,0.5207667731629393,0.5218317358892439,0.9710330138445156,1.0,0.002129925452609159,0.40894568690095845,0.019275825346112885,0.19275825346112885,0.0039015606242496998,0.0056665672532060845,CD4+/CD45RO+ Memory,0.24709063766914063
23,17.620728220628642,17.71188206261416,177.77389526367188,56810.9296875,0.6469270104072538,0.9965061685324597,0.4297360248447205,0.4732142857142857,0.965333850931677,0.9976708074534162,0.006599378881987578,0.28959627329192544,0.0012422360248447205,0.01203416149068323,0.05810397553516819,0.2269450922196311,CD56+ NK,0.24709063766914063
24,16.77317331790925,16.881129892659434,180.19598388671875,36073.66796875,0.6286569044245001,0.998666664296292,0.4206666666666667,0.4686666666666667,0.9671666666666667,0.9986666666666667,0.0013333333333333333,0.23833333333333334,0.0004666666666666667,0.004666666666666667,0.07563025210084033,0.08202687569988802,CD8+ Cytotoxic T,0.24709063766914063
25,15.727574637730898,15.811279525759431,181.16671752929688,32754.205078125,0.620842417727206,0.998666664296292,0.41733333333333333,0.5036666666666667,0.9836,0.9983333333333333,0.0006666666666666666,0.473,0.00013333333333333334,0.0013333333333333333,0.12210618165953153,0.12941816204458947,CD8+/CD45RA+ Naive Cytotoxic,0.24709063766914063
26,18.425364749600195,18.56471072087486,191.53077697753906,36854.953125,0.637672742130839,0.9915824677257075,0.6245791245791246,0.5437710437710438,1.1907407407407407,0.9983164983164983,0.12289562289562289,0.29292929292929293,0.09343434343434344,0.4006734006734007,0.01650943396226415,0.032409381663113,Dendritic,0.24709063766914063
