,1-Wasserstein_PCA,2-Wasserstein_PCA,Linear_MMD_PCA,Poly_MMD_PCA,KNN identity,KNN identity PCA,precision,recall,density,coverage,precision_PCA,recall_PCA,density_PCA,coverage_PCA,KNN category,KNN category PCA,ct,global_f1
0,10.991534782409657,11.048481932169368,91.8365707397461,13288.697265625,0.6560173686495875,0.9991666660879626,0.298,0.4756666666666667,1.0057333333333334,0.8723333333333333,0.136,0.0003333333333333333,0.022566666666666665,0.009333333333333334,0.16629588431590658,0.07062609226330828,"CD8-positive, alpha-beta T cell",0.7292805441475485
1,11.187938343759253,11.235610373826532,83.82123565673828,17276.708984375,0.7966907234641789,0.9926383345917377,0.4482758620689655,0.6953125,0.4462068965517242,0.78125,0.09655172413793103,0.0,0.01103448275862069,0.046875,0.2312312312312312,0.1456140350877193,T cell,0.7292805441475485
2,12.124507156778815,12.266621271971667,100.90933990478516,50992.40234375,0.8342879377431907,1.0,0.3543307086614173,0.7984189723320159,0.1688976377952756,0.3952569169960474,0.023622047244094488,0.03557312252964427,0.0027559055118110236,0.019762845849802372,0.09679012345679011,0.1335729260257562,acinar cell,0.7292805441475485
3,10.774951174736028,10.85006973173876,89.11339569091797,38454.17578125,0.7677050285339002,1.0,0.283,0.6956666666666667,0.196,0.488,0.004333333333333333,0.005666666666666667,0.0004333333333333333,0.002,0.24844876739896027,0.24878579802378162,alveolar macrophage,0.7292805441475485
4,11.946745088256456,12.017434142196764,97.0358657836914,54629.6796875,0.8363582778691947,0.9995496062755804,0.2345132743362832,0.7644362969752521,0.15601769911504426,0.4537121906507791,0.033628318584070796,0.002749770852428964,0.0041592920353982306,0.010999083409715857,0.15657750664789613,0.09888670595939751,alveolar type 1 fibroblast cell,0.7292805441475485
5,11.55807371027868,11.653586791230877,94.607177734375,72135.9140625,0.7986032280617346,1.0,0.18006103763987794,0.7233201581027668,0.10701932858596136,0.29792490118577075,0.013224821973550356,0.004446640316205534,0.0017293997965412006,0.009387351778656126,0.19846232701178884,0.14179568829837855,alveolar type 2 fibroblast cell,0.7292805441475485
6,11.896044505305607,12.00084536756886,91.20655059814453,68925.65625,0.721715492298286,1.0,0.29754601226993865,0.7094972067039106,0.13711656441717793,0.39664804469273746,0.006134969325153374,0.013966480446927373,0.0009202453987730062,0.008379888268156424,0.10701754385964912,0.12259194395796848,bronchial goblet cell,0.7292805441475485
7,12.044394304092117,12.121433422627966,96.78302001953125,52013.30078125,0.8797500137053889,0.9970434615518988,0.4092219020172911,0.6151515151515151,0.42737752161383286,0.7212121212121212,0.020172910662824207,0.00909090909090909,0.002017291066282421,0.00909090909090909,0.01928191489361702,0.10109071561585528,bronchus fibroblast of lung,0.7292805441475485
8,14.294706432764661,14.493576647403955,158.33538818359375,19445.767578125,0.8409090909090908,1.0,0.28205128205128205,0.8421052631578947,0.043589743589743594,0.23684210526315788,0.05128205128205128,0.07894736842105263,0.005128205128205128,0.02631578947368421,0.1761006289308176,0.01,brush cell of trachebronchial tree,0.7292805441475485
9,11.666149836699168,11.74274838363615,91.33289337158203,35803.38671875,0.7394271273876956,0.9998333333287037,0.289,0.694,0.3499333333333334,0.713,0.052333333333333336,0.005333333333333333,0.005833333333333334,0.005666666666666667,0.105610945911803,0.13547013897583574,capillary endothelial cell,0.7292805441475485
10,11.825294250170408,11.940669067642252,94.2577133178711,82208.1875,0.632365890848459,0.999,0.36,0.7706666666666667,0.33313333333333334,0.6226666666666667,0.021,0.045,0.0036,0.015666666666666666,0.1071606642887278,0.13966847601197577,ciliated columnar cell of tracheobronchial tree,0.7292805441475485
11,11.198317325909915,11.25450990903159,87.63900756835938,23662.7578125,0.7886284627279987,1.0,0.314,0.6283333333333333,0.3888666666666667,0.6586666666666666,0.023,0.0016666666666666668,0.0028000000000000004,0.007,0.11556730596881162,0.130911530225238,classical monocyte,0.7292805441475485
12,11.713803412914281,11.801100016577154,97.11685180664062,34698.92578125,0.7621387510061943,0.9993333330370369,0.32566666666666666,0.6776666666666666,0.4659,0.745,0.03333333333333333,0.029,0.004966666666666667,0.008666666666666666,0.10499579938651507,0.11698537682789652,club cell,0.7292805441475485
13,10.937111085813752,11.016077490714904,88.71669006347656,17767.166015625,0.9055059523809523,1.0,0.3088235294117647,0.7288135593220338,0.09264705882352942,0.4576271186440678,0.11764705882352941,0.0,0.016176470588235296,0.05084745762711865,0.24691358024691357,0.007246376811594203,conventional dendritic cell,0.7292805441475485
14,12.275285563293899,12.379390874219535,105.38108825683594,18991.8671875,0.8903801559974702,1.0,0.29310344827586204,0.8870967741935484,0.11379310344827587,0.5645161290322581,0.034482758620689655,0.0,0.008620689655172415,0.04838709677419355,0.025806451612903226,0.019672131147540982,dendritic cell,0.7292805441475485
15,11.287391160964953,11.35494503542656,93.67707061767578,25213.291015625,0.8246260484287931,1.0,0.3323333333333333,0.6466666666666666,0.26230000000000003,0.6746666666666666,0.003,0.007333333333333333,0.00030000000000000003,0.0026666666666666666,0.11527426639775018,0.11827956989247312,elicited macrophage,0.7292805441475485
16,11.86367676082485,11.93335487982653,100.81672668457031,28345.16796875,0.7299847587665795,0.9970499996345132,0.22407628128724671,0.6460280373831776,0.564839094159714,0.7406542056074766,0.16090584028605484,0.0011682242990654205,0.026102502979737787,0.017523364485981307,0.1972205438066465,0.3327363184079602,endothelial cell of lymphatic vessel,0.7292805441475485
17,12.168161640720426,12.26780513171434,103.832275390625,41162.328125,0.8167772957717034,1.0,0.31699346405228757,0.746875,0.17843137254901964,0.7,0.0196078431372549,0.034375,0.00196078431372549,0.0125,0.12591687041564792,0.2133333333333333,epithelial cell of alveolus of lung,0.7292805441475485
18,12.491110590751687,12.605481082252123,109.13616943359375,49963.4140625,0.8076140656785817,0.9994229761320433,0.21394799054373523,0.6306306306306306,0.35803782505910164,0.6801801801801802,0.0851063829787234,0.01126126126126126,0.010520094562647755,0.02252252252252252,0.19353264185478952,0.10751813436377194,epithelial cell of lower respiratory tract,0.7292805441475485
19,12.240972628504592,12.324942519630964,104.2637710571289,65736.21875,0.9305650102110279,1.0,0.3695652173913043,0.8392857142857143,0.1956521739130435,0.4642857142857143,0.0,0.0,0.0,0.0,0.027777777777777776,0.12295081967213115,fibroblast,0.7292805441475485
20,11.798992164943503,11.878377579138618,102.59498596191406,11085.94921875,0.835493519441675,0.9954544515382548,0.3119266055045872,0.8378378378378378,0.20642201834862384,0.6126126126126126,0.3944954128440367,0.07207207207207207,0.04128440366972477,0.02702702702702703,0.17755102040816328,0.19553072625698323,ionocyte,0.7292805441475485
21,11.57592647388606,11.638145573866893,93.13670349121094,25976.677734375,0.8346777827850383,1.0,0.33563672260612043,0.6093117408906883,0.29190523198420537,0.7054655870445344,0.0,0.0010121457489878543,0.0,0.0,0.059586466165413535,0.07274256280878798,lung macrophage,0.7292805441475485
22,11.236272146780694,11.290146613600642,93.8177719116211,37426.296875,0.655063228680586,1.0,0.25161290322580643,0.7893890675241158,0.19129032258064516,0.6093247588424437,0.06612903225806452,0.0,0.006935483870967742,0.006430868167202572,0.1405152224824356,0.1789661319073084,lung pericyte,0.7292805441475485
23,11.107193072070759,11.165208539101751,91.14191436767578,20583.640625,0.7107765208100496,0.9972904087357402,0.26412092283214,0.5873493975903614,0.4062848050914877,0.7146084337349398,0.3914081145584726,0.0007530120481927711,0.06905330151153541,0.022590361445783132,0.3313325330132053,0.09948020791683326,mast cell,0.7292805441475485
24,12.138887794812517,12.24511181969775,88.62261199951172,32670.51171875,0.9899572437108481,1.0,0.2857142857142857,0.6222222222222222,0.05535714285714286,0.2222222222222222,0.08928571428571429,0.08888888888888889,0.00892857142857143,0.044444444444444446,0.0872093023255814,0.21428571428571427,mesothelial cell,0.7292805441475485
25,12.35004492698117,12.449481819754354,117.2712631225586,37643.359375,0.9265807863938704,1.0,0.5233644859813084,0.6936936936936937,0.23831775700934582,0.34234234234234234,0.08411214953271028,0.0,0.009345794392523364,0.06306306306306306,0.23645320197044334,0.1595505617977528,mucus secreting cell,0.7292805441475485
26,11.635343879066014,11.801373686739531,91.04792785644531,77779.109375,0.8054376532729675,0.9995639409172257,0.2688553682342502,0.8089117395029991,0.10417036379769301,0.34190231362467866,0.00709849157054126,0.023993144815766924,0.000709849157054126,0.003427592116538132,0.1030710639332307,0.185546875,multi-ciliated epithelial cell,0.7292805441475485
27,12.006271426936493,12.103326427119624,94.07920837402344,36974.9609375,0.9127311344327835,0.99212158808933,0.34146341463414637,0.8549618320610687,0.21463414634146344,0.5648854961832062,0.08943089430894309,0.007633587786259542,0.00894308943089431,0.022900763358778626,0.05031446540880503,0.06422607578676943,myofibroblast cell,0.7292805441475485
28,11.682370861848206,11.77187211280614,91.06310272216797,55081.7578125,0.765921323555973,0.999499999875,0.3,0.6656666666666666,0.4735666666666667,0.591,0.06566666666666666,0.07166666666666667,0.0073,0.004,0.08425925925925926,0.1368272165562421,nasal mucosa goblet cell,0.7292805441475485
29,10.70377084016799,10.74240508906051,91.2352066040039,26302.50390625,0.7015881791224807,0.9998333333287037,0.25133333333333335,0.6346666666666667,0.27553333333333335,0.7693333333333333,0.019,0.0,0.002033333333333333,0.0023333333333333335,0.23721093202522772,0.1678916827852998,natural killer cell,0.7292805441475485
30,11.490119171197211,11.550765753853367,95.03628540039062,19364.54296875,0.80977782483345,0.999714806936006,0.2791907514450867,0.6195835678109173,0.2954913294797688,0.618458075407991,0.013872832369942197,0.014631401238041642,0.0013872832369942198,0.0028137310073157004,0.09377436240115827,0.09385382059800666,non-classical monocyte,0.7292805441475485
31,11.827342375902179,11.894295786948206,112.82854461669922,6422.62158203125,0.7129017642982783,0.9956833102488774,0.06896551724137931,0.7550432276657061,0.04482758620689656,0.2507204610951009,0.32471264367816094,0.0,0.05344827586206896,0.02881844380403458,0.3289665211062591,0.011675126903553299,plasma cell,0.7292805441475485
32,11.105855897733973,11.161228478358952,96.2820816040039,6495.857421875,0.8774053927589636,1.0,0.38848920863309355,0.6422764227642277,0.43453237410071943,0.7317073170731707,0.0,0.0,0.0,0.0,0.09385783298826778,0.009589041095890411,plasmacytoid dendritic cell,0.7292805441475485
33,11.680982161483023,11.756119191375788,88.91312408447266,33228.07421875,0.7445409524430292,0.9996470679805103,0.3108882521489971,0.6627260083449235,0.3931948424068768,0.6668984700973575,0.029369627507163324,0.011821974965229486,0.004011461318051576,0.008344923504867872,0.09025157232704403,0.12923835677856862,pulmonary artery endothelial cell,0.7292805441475485
34,11.19396197827658,11.275377182836705,90.570068359375,21230.27734375,0.6308475730167282,0.9998333333287037,0.3243333333333333,0.69,0.42156666666666665,0.731,0.024666666666666667,0.036,0.0033333333333333335,0.008,0.1985224983210208,0.16503982946258275,respiratory basal cell,0.7292805441475485
35,11.723928066595022,11.826937658163107,94.54830932617188,44025.63671875,0.7332462584531672,1.0,0.28802588996763756,0.7534391534391535,0.13096008629989214,0.2677248677248677,0.019417475728155338,0.037037037037037035,0.001941747572815534,0.005291005291005291,0.13929961089494164,0.06396989651928504,respiratory hillock cell,0.7292805441475485
36,11.779466604914395,11.830717895025712,123.73542022705078,55324.0390625,0.8044178680646571,0.9981850223166494,0.10989010989010989,0.8273381294964028,0.01904761904761905,0.11151079136690648,0.014652014652014652,0.0,0.0014652014652014652,0.0035971223021582736,0.45399999999999996,0.23742138364779874,serous secreting cell,0.7292805441475485
37,11.928008013758166,11.997350205618776,106.87537384033203,52964.5234375,0.8440860215053764,1.0,0.2672413793103448,0.896551724137931,0.09655172413793105,0.3275862068965517,0.008620689655172414,0.008620689655172414,0.0008620689655172414,0.008620689655172414,0.3119266055045871,0.1595854922279793,smooth muscle cell,0.7292805441475485
38,11.465748304893543,11.546024201987095,94.58638763427734,31581.5390625,0.7969913270396807,1.0,0.3050847457627119,0.75,0.1288135593220339,0.5714285714285714,0.1016949152542373,0.0,0.01016949152542373,0.017857142857142856,0.14893617021276595,0.0,stromal cell,0.7292805441475485
39,11.75917845535269,11.856779738161453,106.4390869140625,65314.53125,0.6938475125110393,0.9951918631530281,0.3875598086124402,0.782608695652174,0.3660287081339713,0.782608695652174,0.3444976076555024,0.0,0.06411483253588517,0.028985507246376812,0.34890965732087226,0.013953488372093025,tracheobronchial goblet cell,0.7292805441475485
40,12.076430442952885,12.132261083749617,122.1551513671875,59040.02734375,0.8823567299486337,0.9964324255697328,0.2781954887218045,0.7804054054054054,0.11466165413533835,0.3310810810810811,0.5150375939849624,0.0,0.08796992481203009,0.04054054054054054,0.45934959349593496,0.2956764295676429,tracheobronchial serous cell,0.7292805441475485
41,11.680185657312446,11.763103119547866,90.46248626708984,35901.546875,0.8281499728735024,0.9957337107470448,0.3174061433447099,0.6075085324232082,0.30938566552901026,0.6023890784982935,0.10409556313993173,0.0034129692832764505,0.022525597269624574,0.04778156996587031,0.06682506682506682,0.10175763182238667,tracheobronchial smooth muscle cell,0.7292805441475485
42,11.570413770493285,11.653141507333403,95.87751770019531,35786.734375,0.7528396140516642,0.9984509104164565,0.27412415488629377,0.6820737039350406,0.36195451751690233,0.7145534041224235,0.0842040565457898,0.003123048094940662,0.014259373079287034,0.024984384759525295,0.15381220346463642,0.14924190993437428,type I pneumocyte,0.7292805441475485
43,10.938812330404927,11.015912806754761,94.9940185546875,48749.61328125,0.7090120059490879,0.9996666666666667,0.2816666666666667,0.6603333333333333,0.3262333333333334,0.6843333333333333,0.021,0.19166666666666668,0.0032666666666666664,0.01,0.4999166527754626,0.4999166527754626,type II pneumocyte,0.7292805441475485
44,11.706587599833119,11.783326832491191,92.711669921875,29145.802734375,0.7442732809422283,0.9994125190837353,0.2911392405063291,0.5816207832493214,0.47856012658227853,0.7181077937184955,0.16139240506329114,0.0023264831329972858,0.027333860759493674,0.015897634742148118,0.12102040816326531,0.1339417044397082,vein endothelial cell,0.7292805441475485
45,10.972044790426889,11.02904247975421,91.68416595458984,13289.94140625,0.6715256830863767,0.9991666660879626,0.30566666666666664,0.48333333333333334,1.0212666666666668,0.8973333333333333,0.13933333333333334,0.0,0.023100000000000002,0.01,0.13136333109469442,0.06595575606880111,"CD8-positive, alpha-beta T cell",0.7292805441475485
46,11.344475376818854,11.402653732645275,87.34510040283203,17332.337890625,0.7497177424975259,0.9962598562556695,0.4785714285714286,0.765625,0.395,0.7578125,0.1,0.0,0.012142857142857143,0.046875,0.20915032679738563,0.1111111111111111,T cell,0.7292805441475485
47,12.300703279308072,12.453564909427136,104.88368225097656,54166.9453125,0.8764772191592711,1.0,0.35684647302904565,0.7984189723320159,0.2024896265560166,0.48616600790513836,0.024896265560165973,0.023715415019762844,0.002904564315352697,0.023715415019762844,0.12778505897771952,0.1575492341356674,acinar cell,0.7292805441475485
48,10.803390627861058,10.880894017525195,89.80714416503906,38638.48046875,0.7720868076302969,1.0,0.2713333333333333,0.6866666666666666,0.19533333333333336,0.49366666666666664,0.003,0.005333333333333333,0.00030000000000000003,0.002,0.4973190348525469,0.19899497487437184,alveolar macrophage,0.7292805441475485
49,11.933275121881298,12.004418106944854,96.86726379394531,54937.6640625,0.8232039724439542,0.9995419144116495,0.23992673992673993,0.7506874427131073,0.15924908424908424,0.5068744271310724,0.040293040293040296,0.005499541704857928,0.004761904761904762,0.013748854262144821,0.10533076429030187,0.1300256629597947,alveolar type 1 fibroblast cell,0.7292805441475485
50,11.55187744935353,11.648956436028781,95.90105438232422,74089.5390625,0.7848073047765975,0.9995060506055973,0.16790123456790124,0.7450592885375494,0.08439506172839506,0.27717391304347827,0.010864197530864197,0.004940711462450593,0.0014814814814814816,0.005928853754940711,0.14157591287636132,0.16567312468951811,alveolar type 2 fibroblast cell,0.7292805441475485
51,11.988599125739597,12.094888409008082,94.08001708984375,73467.421875,0.7484996354254305,1.0,0.2914285714285714,0.7206703910614525,0.13428571428571429,0.388268156424581,0.002857142857142857,0.002793296089385475,0.00028571428571428574,0.002793296089385475,0.10632183908045977,0.1408140814081408,bronchial goblet cell,0.7292805441475485
52,12.109912601467148,12.191783983693716,101.3008804321289,57517.171875,0.9006207939902968,0.9968462562329896,0.46557377049180326,0.5454545454545454,0.5672131147540983,0.796969696969697,0.013114754098360656,0.0030303030303030303,0.0016393442622950822,0.012121212121212121,0.02573529411764706,0.12108559498956158,bronchus fibroblast of lung,0.7292805441475485
53,13.947919047383806,14.100671703890098,158.31561279296875,19667.197265625,0.9111646586345381,1.0,0.3170731707317073,0.9473684210526315,0.07804878048780489,0.34210526315789475,0.04878048780487805,0.02631578947368421,0.009756097560975611,0.07894736842105263,0.14102564102564102,0.0,brush cell of trachebronchial tree,0.7292805441475485
54,11.65416270828248,11.727601699599585,91.59371948242188,35997.2578125,0.7718453097818815,0.999499999875,0.30733333333333335,0.6923333333333334,0.3048666666666667,0.6723333333333333,0.05266666666666667,0.002,0.0057,0.004333333333333333,0.11818980667838314,0.18910369068541302,capillary endothelial cell,0.7292805441475485
55,11.867290902773544,11.981804423696863,93.86228942871094,82044.796875,0.6069058393894908,0.9989999995555554,0.348,0.7613333333333333,0.34896666666666665,0.6616666666666666,0.022,0.036333333333333336,0.003,0.015,0.08022130013831259,0.16303360581289736,ciliated columnar cell of tracheobronchial tree,0.7292805441475485
56,11.213999008178742,11.27071796843787,88.2288818359375,23905.6015625,0.7896418627631093,1.0,0.297,0.609,0.40599999999999997,0.6766666666666666,0.024666666666666667,0.004333333333333333,0.0032666666666666664,0.007666666666666666,0.1337924748062997,0.13099535843218155,classical monocyte,0.7292805441475485
57,11.703068143526707,11.791692376386207,100.17086791992188,35375.5859375,0.7551243539568685,0.9991666664583334,0.34,0.6666666666666666,0.3903666666666667,0.7006666666666667,0.029333333333333333,0.017,0.0045,0.009,0.13443598406535223,0.10256536268920778,club cell,0.7292805441475485
58,11.22528156421238,11.284405810267229,90.56970977783203,17945.228515625,0.8781838316722037,1.0,0.21568627450980393,0.864406779661017,0.07450980392156863,0.5084745762711864,0.09803921568627451,0.1864406779661017,0.01568627450980392,0.05084745762711865,0.2009132420091324,0.0,conventional dendritic cell,0.7292805441475485
59,12.392683623129862,12.484706145395934,111.092529296875,19357.6484375,0.8896340158379112,1.0,0.19298245614035087,0.8870967741935484,0.13333333333333333,0.4838709677419355,0.08771929824561403,0.04838709677419355,0.012280701754385965,0.03225806451612903,0.046218487394957986,0.04375,dendritic cell,0.7292805441475485
60,11.354919471740738,11.423694342222229,93.91403198242188,25561.36328125,0.8372956515349853,1.0,0.32466666666666666,0.6486666666666666,0.26253333333333334,0.6666666666666666,0.001,0.021,0.0001,0.001,0.11435425829668133,0.11721057560694474,elicited macrophage,0.7292805441475485
61,11.754406647560888,11.831685992300285,99.53746032714844,27923.96875,0.7685560053981106,0.9976385636221702,0.22911694510739858,0.6273364485981309,0.45190930787589506,0.7523364485981309,0.1515513126491647,0.008177570093457943,0.02315035799522673,0.029205607476635514,0.19684848484848488,0.19879951980792318,endothelial cell of lymphatic vessel,0.7292805441475485
62,12.114759954677364,12.216556310937714,103.73035430908203,40501.02734375,0.8550263729444616,1.0,0.38283828382838286,0.696875,0.2808580858085809,0.721875,0.019801980198019802,0.0125,0.0023102310231023103,0.009375,0.1727791361043195,0.16849015317286653,epithelial cell of alveolus of lung,0.7292805441475485
63,12.492778696001801,12.600996327307492,108.7327880859375,50414.5234375,0.8463022763893402,0.9983173895851793,0.23016759776536314,0.6272522522522522,0.42513966480446924,0.7027027027027027,0.061452513966480445,0.12274774774774774,0.007597765363128492,0.015765765765765764,0.12036500579374275,0.09574839836924869,epithelial cell of lower respiratory tract,0.7292805441475485
64,11.903404557859742,12.014212364835757,95.20186614990234,59169.984375,0.9088976617066504,1.0,0.5,0.7857142857142857,0.18409090909090908,0.32142857142857145,0.0,0.0,0.0,0.0,0.028985507246376815,0.26666666666666666,fibroblast,0.7292805441475485
65,11.67485029287708,11.771231007212645,98.05690002441406,10025.9794921875,0.8621997471554993,0.9954119751657371,0.35514018691588783,0.7747747747747747,0.33925233644859815,0.8198198198198198,0.308411214953271,0.018018018018018018,0.03177570093457944,0.036036036036036036,0.12731310140636568,0.2810810810810811,ionocyte,0.7292805441475485
66,11.632669274411358,11.701547487494652,94.65347290039062,26360.662109375,0.8299227426056368,1.0,0.3315844700944386,0.6153846153846154,0.31490031479538305,0.7196356275303644,0.0031479538300104933,0.006072874493927126,0.00031479538300104937,0.003036437246963563,0.07590491626148028,0.08241179568193786,lung macrophage,0.7292805441475485
67,12.049016299474804,12.227492328052385,119.31575775146484,19198.052734375,0.9781680113906028,1.0,0.8095238095238095,0.88,0.19523809523809524,0.28,0.0,0.4,0.0,0.0,0.17187500000000003,0.1911764705882353,lung neuroendocrine cell,0.7292805441475485
68,11.165552103994742,11.220820460946571,91.84881591796875,36350.3125,0.6616157962993405,1.0,0.25166666666666665,0.8215434083601286,0.1376666666666667,0.47266881028938906,0.06833333333333333,0.0,0.007333333333333334,0.006430868167202572,0.2472620050547599,0.14814814814814817,lung pericyte,0.7292805441475485
69,11.029643110744562,11.083325249764309,89.95816040039062,20419.744140625,0.7047292744506568,0.9973673941303625,0.28399699474079637,0.5903614457831325,0.5567242674680691,0.766566265060241,0.38692712246431255,0.0,0.07160030052592035,0.01957831325301205,0.3309370664648758,0.12419659735349717,mast cell,0.7292805441475485
70,12.766188332302123,12.87686750955016,101.57555389404297,39161.13671875,1.0,0.9871356456603159,0.2647058823529412,0.6888888888888889,0.03529411764705883,0.13333333333333333,0.14705882352941177,0.08888888888888889,0.014705882352941178,0.044444444444444446,0.14814814814814814,0.28888888888888886,mesothelial cell,0.7292805441475485
71,12.162582671635985,12.27265219781395,114.19525146484375,35635.3984375,0.929477982562631,1.0,0.5,0.6846846846846847,0.1931372549019608,0.38738738738738737,0.10784313725490197,0.0,0.011764705882352941,0.07207207207207207,0.19183673469387758,0.16279069767441862,mucus secreting cell,0.7292805441475485
72,11.648460614707677,11.811117373629175,92.16207122802734,80100.03125,0.7964499282556285,1.0,0.27114210985178727,0.8114824335904027,0.13417611159546644,0.3667523564695801,0.0052310374891020054,0.031705227077977724,0.0006102877070619006,0.005141388174807198,0.08679567444507684,0.18454345434543457,multi-ciliated epithelial cell,0.7292805441475485
73,12.009312364510171,12.090744433845623,95.72576141357422,39950.59375,0.9189277541680287,0.9959566316132713,0.3504273504273504,0.816793893129771,0.1982905982905983,0.5801526717557252,0.10256410256410256,0.0,0.011111111111111112,0.015267175572519083,0.058700209643605866,0.08189655172413793,myofibroblast cell,0.7292805441475485
74,11.627776184240993,11.715244066705582,88.79179382324219,53367.65234375,0.7685172555966994,0.9993333333333333,0.31433333333333335,0.6743333333333333,0.5009,0.612,0.071,0.13233333333333333,0.008,0.007666666666666666,0.10498839907192575,0.11936073854729141,nasal mucosa goblet cell,0.7292805441475485
75,10.788090093771618,10.827649041207522,92.721435546875,26753.08203125,0.7076267998771115,0.9998333333287037,0.23966666666666667,0.6383333333333333,0.25353333333333333,0.7706666666666667,0.017333333333333333,0.0,0.0018666666666666669,0.0023333333333333335,0.23679592911037023,0.16599063962558502,natural killer cell,0.7292805441475485
76,11.473827930585776,11.533479913454446,95.0397720336914,19032.390625,0.8018600777322271,0.9997086260676045,0.28872814948764314,0.6173325830050647,0.3313441832429174,0.6088913899831176,0.006027727546714889,0.033202025886325266,0.0007233273056057866,0.0028137310073157004,0.0844707520891365,0.08122765931221496,non-classical monocyte,0.7292805441475485
77,11.885277013847205,11.968744994988349,112.79537963867188,6422.51806640625,0.7458478583163042,0.9954368884980508,0.07371794871794872,0.69164265129683,0.1201923076923077,0.5187319884726225,0.2692307692307692,0.0,0.04807692307692308,0.037463976945244955,0.19707317073170733,0.013958125623130608,plasma cell,0.7292805441475485
78,11.272695254572813,11.327533247793523,99.12239837646484,6521.28515625,0.8463541666666666,1.0,0.34513274336283184,0.7235772357723578,0.3176991150442478,0.6666666666666666,0.017699115044247787,0.0,0.0017699115044247787,0.016260162601626018,0.18258426966292135,0.018442622950819675,plasmacytoid dendritic cell,0.7292805441475485
79,11.669136534200826,11.741310450293868,90.9683609008789,34725.359375,0.7497328885162958,0.99965420658526,0.31980742778541954,0.6488178025034771,0.4165061898211829,0.6891515994436718,0.030261348005502064,0.017385257301808066,0.003370013755158184,0.008344923504867872,0.15009451795841208,0.1514014014014014,pulmonary artery endothelial cell,0.7292805441475485
80,11.261340542157496,11.343482231629885,93.5185775756836,22113.61328125,0.6258201058201058,0.9994999999861112,0.3466666666666667,0.6636666666666666,0.46786666666666665,0.7226666666666667,0.029666666666666668,0.032,0.0041,0.009666666666666667,0.1654917757636791,0.19808177688036346,respiratory basal cell,0.7292805441475485
81,11.671193693181023,11.775741310834533,93.23738098144531,44280.10546875,0.728353323329382,1.0,0.2674033149171271,0.7703703703703704,0.13646408839779006,0.3111111111111111,0.01878453038674033,0.033862433862433865,0.0018784530386740331,0.006349206349206349,0.14922480620155038,0.06356877323420075,respiratory hillock cell,0.7292805441475485
82,11.829770864532115,11.881796364700168,126.03094482421875,57009.30078125,0.8420289855072464,0.9981645196598468,0.0749063670411985,0.8273381294964028,0.019101123595505618,0.14028776978417265,0.033707865168539325,0.0,0.0033707865168539327,0.0035971223021582736,0.4627766599597586,0.2205513784461153,serous secreting cell,0.7292805441475485
83,11.703821668347107,11.770927234034923,95.16268157958984,46362.984375,0.6649405672590325,1.0,0.2815533980582524,0.9224137931034483,0.12815533980582525,0.3103448275862069,0.0,0.0,0.0,0.0,0.45789473684210524,0.2122905027932961,smooth muscle cell,0.7292805441475485
84,11.53648156779153,11.601599044705548,97.74211883544922,32381.4375,0.6615729949063283,1.0,0.4107142857142857,0.75,0.12321428571428572,0.42857142857142855,0.14285714285714285,0.0,0.016071428571428573,0.03571428571428571,0.18181818181818182,0.0,stromal cell,0.7292805441475485
85,11.804611202340787,11.895251621729674,107.63092041015625,65873.6953125,0.7012053093977391,0.9950347444679908,0.3010204081632653,0.7681159420289855,0.4229591836734694,0.9082125603864735,0.3826530612244898,0.10144927536231885,0.06836734693877551,0.033816425120772944,0.2222222222222222,0.008291873963515755,tracheobronchial goblet cell,0.7292805441475485
86,11.962736409239202,12.01954528783732,120.82886505126953,58388.30078125,0.8866425292373885,0.9966272323967693,0.3063973063973064,0.7905405405405406,0.09730639730639731,0.24662162162162163,0.5589225589225589,0.0,0.09427609427609429,0.04054054054054054,0.46869409660107336,0.304029304029304,tracheobronchial serous cell,0.7292805441475485
87,11.802873681119527,11.877117203722804,94.12474822998047,38069.8125,0.8284249084249085,0.9957300953526955,0.24444444444444444,0.6621160409556314,0.2596581196581197,0.5733788395904437,0.1076923076923077,0.010238907849829351,0.016923076923076926,0.03583617747440273,0.09722222222222224,0.12979744136460553,tracheobronchial smooth muscle cell,0.7292805441475485
88,11.621778768976126,11.699137698274937,95.17894744873047,35973.0,0.7287532599893147,0.9981167422754513,0.27129337539432175,0.6833229231730169,0.3126182965299685,0.674578388507183,0.08138801261829653,0.016239850093691444,0.010977917981072555,0.016239850093691444,0.15484234234234237,0.14982053953919186,type I pneumocyte,0.7292805441475485
89,10.876600590070078,10.951272613335998,93.92084503173828,47810.6015625,0.704258334917196,0.9996666666666667,0.3,0.671,0.3322333333333334,0.6716666666666666,0.02033333333333333,0.4236666666666667,0.0025666666666666667,0.008333333333333333,0.4999166527754626,1.0,type II pneumocyte,0.7292805441475485
90,11.636204549893586,11.710275136126695,92.0892333984375,28912.08203125,0.7295301333155911,0.9992219362814093,0.2903981264637002,0.583171772004653,0.47392661982825923,0.7056998836758434,0.1600312256049961,0.009693679720822024,0.025956284153005466,0.016285381930981,0.10692588092345079,0.09313868613138686,vein endothelial cell,0.7292805441475485
91,10.95933183797201,11.018247951380065,90.8193588256836,13151.89453125,0.6662710001723655,0.9991666660879626,0.304,0.4633333333333333,1.0817,0.9053333333333333,0.13233333333333333,0.0003333333333333333,0.0213,0.011333333333333334,0.2185376054970498,0.06157158234660925,"CD8-positive, alpha-beta T cell",0.7292805441475485
92,11.23225249527466,11.286019410670313,88.45953369140625,17919.234375,0.81461293578694,0.9921259842519685,0.48412698412698413,0.765625,0.4126984126984128,0.703125,0.09523809523809523,0.015625,0.010317460317460317,0.03125,0.21985815602836878,0.12227805695142378,T cell,0.7292805441475485
93,12.093882389579578,12.248042525075547,99.2412338256836,49141.27734375,0.8781148333772971,1.0,0.3333333333333333,0.7312252964426877,0.14844444444444446,0.3794466403162055,0.03111111111111111,0.007905138339920948,0.0035555555555555557,0.015810276679841896,0.12378553436487946,0.15173527037933818,acinar cell,0.7292805441475485
94,10.812718871434543,10.893354423433266,90.12018585205078,38829.4765625,0.7722771241830066,1.0,0.271,0.6866666666666666,0.18436666666666668,0.46,0.0026666666666666666,0.001,0.00030000000000000003,0.002,0.4969818913480885,0.33210661313705814,alveolar macrophage,0.7292805441475485
95,11.820749508594728,11.899063692605383,92.69623565673828,51012.609375,0.8449172473867596,0.9990673507543806,0.2618595825426945,0.7442713107241063,0.17922201138519925,0.4821264894592117,0.04459203036053131,0.007332722273143905,0.0058823529411764705,0.017415215398716773,0.13385202795187665,0.07541125541125542,alveolar type 1 fibroblast cell,0.7292805441475485
96,11.581303445314143,11.68020039928269,95.99250030517578,73693.9296875,0.7904449207666862,1.0,0.19620569146280578,0.7267786561264822,0.10009985022466301,0.29347826086956524,0.01547678482276585,0.00691699604743083,0.0017473789316025962,0.00691699604743083,0.19808467741935482,0.19874403416227077,alveolar type 2 fibroblast cell,0.7292805441475485
97,11.992865530614095,12.093641989654353,95.83778381347656,71293.09375,0.766033496732026,0.9985619091895244,0.3047337278106509,0.7262569832402235,0.13579881656804735,0.3687150837988827,0.014792899408284023,0.07541899441340782,0.001775147928994083,0.0111731843575419,0.14397759103641458,0.13874496257915947,bronchial goblet cell,0.7292805441475485
98,12.169559476580472,12.262124416172405,100.34661865234375,56530.8828125,0.8753122475610513,0.9968462562329896,0.419672131147541,0.5969696969696969,0.4931147540983607,0.8333333333333334,0.003278688524590164,0.0,0.0003278688524590164,0.0030303030303030303,0.030303030303030297,0.1018685955394816,bronchus fibroblast of lung,0.7292805441475485
99,13.431096877270969,13.61430112070328,144.34307861328125,16206.42578125,0.9156626506024096,1.0,0.4666666666666667,0.8157894736842105,0.14222222222222222,0.5526315789473685,0.044444444444444446,0.07894736842105263,0.006666666666666667,0.05263157894736842,0.14035087719298248,0.01702127659574468,brush cell of trachebronchial tree,0.7292805441475485
100,11.616499502499924,11.691841698657555,90.0385971069336,35110.24609375,0.7488828932376206,0.9996666666296297,0.28833333333333333,0.7006666666666667,0.32360000000000005,0.6973333333333334,0.05566666666666667,0.009333333333333334,0.005966666666666667,0.004666666666666667,0.13430236959648725,0.15681082671373933,capillary endothelial cell,0.7292805441475485
101,11.787101924737318,11.89808616234685,92.2551498413086,78171.609375,0.6163549301658935,0.9986666665185184,0.35133333333333333,0.7883333333333333,0.3155333333333334,0.5906666666666667,0.018333333333333333,0.03233333333333333,0.0026333333333333334,0.013,0.08749783849213211,0.16253914033589525,ciliated columnar cell of tracheobronchial tree,0.7292805441475485
102,11.23566130956013,11.292013023516702,88.4564437866211,24019.8984375,0.7878378153222794,1.0,0.314,0.608,0.4531333333333334,0.701,0.029,0.006333333333333333,0.0035333333333333336,0.006333333333333333,0.11695050558807876,0.1316627297935709,classical monocyte,0.7292805441475485
103,11.75929552666345,11.85001101282739,98.13529205322266,35650.87109375,0.7717374059781956,0.999499999875,0.339,0.6553333333333333,0.4413666666666667,0.7786666666666666,0.028333333333333332,0.011,0.004533333333333334,0.006666666666666667,0.13438256658595643,0.09062595955608194,club cell,0.7292805441475485
104,11.523479804396628,11.597821823634986,101.3282241821289,20958.509765625,0.9349550502379693,1.0,0.140625,0.7966101694915254,0.0484375,0.423728813559322,0.09375,0.01694915254237288,0.009375000000000001,0.03389830508474576,0.24836601307189543,0.015384615384615385,conventional dendritic cell,0.7292805441475485
105,12.293069296917954,12.377001582342421,107.36917114257812,19067.03125,0.8788461538461538,1.0,0.2909090909090909,0.8387096774193549,0.18545454545454546,0.5806451612903226,0.07272727272727272,0.0,0.01090909090909091,0.04838709677419355,0.04395604395604396,0.02711864406779661,dendritic cell,0.7292805441475485
106,11.312157662550597,11.3825404613124,94.06563568115234,25348.98046875,0.8364837967601487,1.0,0.31633333333333336,0.6616666666666666,0.28343333333333337,0.6886666666666666,0.002,0.004333333333333333,0.0002,0.0016666666666666668,0.09842360549717057,0.1144191476941039,elicited macrophage,0.7292805441475485
107,11.769277005169986,11.844737783667338,99.26094818115234,27821.47265625,0.7598596299208097,0.9977142126108627,0.22569832402234638,0.6565420560747663,0.42402234636871516,0.8072429906542056,0.14860335195530727,0.004672897196261682,0.021675977653631287,0.016355140186915886,0.24660249150622876,0.1419738215690998,endothelial cell of lymphatic vessel,0.7292805441475485
108,12.047338872008456,12.139045087001056,104.41141510009766,40061.953125,0.8610184149835768,0.9985187065266621,0.3557422969187675,0.690625,0.2658263305322129,0.853125,0.028011204481792718,0.446875,0.004481792717086835,0.03125,0.11612903225806451,0.1712707182320442,epithelial cell of alveolus of lung,0.7292805441475485
109,12.662201166045536,12.765727471307748,111.19221496582031,51641.2421875,0.8243987787797518,0.9988416988416988,0.20833333333333334,0.6722972972972973,0.23750000000000002,0.6103603603603603,0.05238095238095238,0.21621621621621623,0.006666666666666667,0.018018018018018018,0.19182156133828995,0.09552238805970151,epithelial cell of lower respiratory tract,0.7292805441475485
110,11.933699338095526,12.052734445986554,91.85128021240234,54099.046875,0.933673013319031,1.0,0.54,0.7857142857142857,0.236,0.4107142857142857,0.0,0.10714285714285714,0.0,0.0,0.00980392156862745,0.12903225806451613,fibroblast,0.7292805441475485
111,11.609354803280402,11.682088227093287,99.0682144165039,9654.1689453125,0.8826187589551416,0.9952985321708421,0.39215686274509803,0.7747747747747747,0.27450980392156865,0.7567567567567568,0.4411764705882353,0.04504504504504504,0.047058823529411764,0.036036036036036036,0.14444444444444443,0.11918367346938774,ionocyte,0.7292805441475485
112,11.618210554491462,11.681971491886902,93.80496215820312,26127.3046875,0.8108503109147438,1.0,0.3515151515151515,0.6174089068825911,0.3276767676767677,0.7135627530364372,0.00101010101010101,0.006072874493927126,0.00030303030303030303,0.003036437246963563,0.05754276827371695,0.08390022675736962,lung macrophage,0.7292805441475485
113,12.068070458911706,12.205916806866448,116.30078125,17436.796875,0.9340028694404591,1.0,0.8095238095238095,0.88,0.1619047619047619,0.2,0.0,0.0,0.0,0.0,0.12,0.10752688172043011,lung neuroendocrine cell,0.7292805441475485
114,11.214744279323215,11.26929516477519,90.81472778320312,36383.89453125,0.6920710721046291,1.0,0.23801652892561984,0.815112540192926,0.14479338842975206,0.5337620578778135,0.0628099173553719,0.0,0.007272727272727273,0.00964630225080386,0.19816513761467888,0.14831804281345565,lung pericyte,0.7292805441475485
115,11.046608096653655,11.101698453705387,89.95382690429688,20625.484375,0.6988017882652691,0.9973484540324806,0.27439024390243905,0.5542168674698795,0.5695121951219513,0.8019578313253012,0.38490853658536583,0.0,0.06935975609756098,0.021837349397590362,0.33051498847040733,0.11038656608276862,mast cell,0.7292805441475485
116,12.852365606360964,12.920972576865198,107.02826690673828,42374.359375,0.9866897147796024,1.0,0.1875,0.7777777777777778,0.053125000000000006,0.24444444444444444,0.125,0.1111111111111111,0.015625,0.06666666666666667,0.10644257703081232,0.27878787878787875,mesothelial cell,0.7292805441475485
117,12.229811908962494,12.338112992851178,115.34230041503906,35359.17578125,0.9008928571428572,1.0,0.5585585585585585,0.5945945945945946,0.209009009009009,0.3153153153153153,0.07207207207207207,0.0,0.010810810810810811,0.09009009009009009,0.1844660194174757,0.11049723756906078,mucus secreting cell,0.7292805441475485
118,11.676064273695728,11.835516533483903,88.81317901611328,76644.8125,0.8054143982415273,0.9995788279002132,0.30049668874172186,0.8080548414738646,0.1314569536423841,0.43958868894601544,0.004966887417218543,0.12167952013710369,0.0009933774834437086,0.007712082262210797,0.12162635821941814,0.19089048106448311,multi-ciliated epithelial cell,0.7292805441475485
119,11.91935878517038,11.987294289921302,94.63162994384766,36035.9375,0.9232748849923328,0.992681623931624,0.3776223776223776,0.7709923664122137,0.22027972027972031,0.5954198473282443,0.13286713286713286,0.0,0.015384615384615385,0.030534351145038167,0.06380208333333333,0.07125000000000001,myofibroblast cell,0.7292805441475485
120,11.627780708630873,11.712870355733244,89.51971435546875,54095.0234375,0.7734298001099149,0.999,0.32166666666666666,0.666,0.5361,0.609,0.060333333333333336,0.121,0.006966666666666667,0.006,0.09379481581369464,0.1365940948404414,nasal mucosa goblet cell,0.7292805441475485
121,10.755267881552365,10.793453074311959,92.62041473388672,26698.705078125,0.6899224443241645,0.9998333333287037,0.252,0.6376666666666667,0.32230000000000003,0.817,0.018666666666666668,0.0006666666666666666,0.0019666666666666665,0.0016666666666666668,0.3162812427003036,0.16694503787143133,natural killer cell,0.7292805441475485
122,11.555037401256978,11.614853519288012,96.30001068115234,19590.982421875,0.8171566969009514,0.9997097075952297,0.2788749251944943,0.6381541924592009,0.26487133453022144,0.5835678109172763,0.007779772591262717,0.005064715813168261,0.0007779772591262717,0.0016882386043894203,0.09457239983193919,0.07170294494238157,non-classical monocyte,0.7292805441475485
123,11.709645076084486,11.792934130151293,110.06205749511719,6238.17138671875,0.8090269514688724,0.995532142643438,0.06153846153846154,0.654178674351585,0.13507692307692307,0.5878962536023055,0.28923076923076924,0.0,0.0556923076923077,0.037463976945244955,0.330749354005168,0.01622718052738337,plasma cell,0.7292805441475485
124,11.065347250979473,11.145425731368812,92.72905731201172,6248.2314453125,0.8856666666666667,1.0,0.4180327868852459,0.5203252032520326,0.6262295081967214,0.8211382113821138,0.03278688524590164,0.0,0.0032786885245901644,0.024390243902439025,0.15142857142857144,0.006561679790026247,plasmacytoid dendritic cell,0.7292805441475485
125,11.727993783975425,11.799809769822057,92.51195526123047,35815.078125,0.7612081469278027,1.0,0.28551336146272854,0.6557719054242003,0.30414908579465544,0.6599443671766342,0.027426160337552744,0.021557719054242003,0.0036568213783403658,0.006954102920723227,0.18248565965583177,0.18265189147879252,pulmonary artery endothelial cell,0.7292805441475485
126,11.230783299922976,11.308585863341454,92.47483825683594,21683.01953125,0.6185422024367189,0.9994999999861112,0.326,0.7133333333333334,0.38023333333333337,0.6983333333333334,0.025666666666666667,0.019666666666666666,0.0037333333333333337,0.011,0.19855632029545073,0.19797979797979798,respiratory basal cell,0.7292805441475485
127,11.72102067432099,11.824821409932602,94.77253723144531,43883.12890625,0.7335756326308256,1.0,0.25903614457831325,0.7544973544973544,0.11114457831325303,0.291005291005291,0.01606425702811245,0.02433862433862434,0.0016064257028112448,0.005291005291005291,0.1096209912536443,0.06506550218340611,respiratory hillock cell,0.7292805441475485
128,11.8264673148218,11.876720409543942,124.92652893066406,55034.42578125,0.8440180102915953,0.9965567020068156,0.08223684210526316,0.8453237410071942,0.015789473684210527,0.1223021582733813,0.04276315789473684,0.16906474820143885,0.005263157894736842,0.007194244604316547,0.22363636363636366,0.16445916114790288,serous secreting cell,0.7292805441475485
129,11.943081176585963,12.008669409974235,105.10333251953125,55934.37890625,0.7585513078470825,1.0,0.22580645161290322,0.9396551724137931,0.10241935483870968,0.35344827586206895,0.008064516129032258,0.0,0.0008064516129032258,0.008620689655172414,0.30088495575221236,0.28746177370030584,smooth muscle cell,0.7292805441475485
130,11.510455085925273,11.572310434187393,98.14849090576172,33443.8203125,0.8692091894760785,1.0,0.3898305084745763,0.7142857142857143,0.10338983050847457,0.375,0.11864406779661017,0.0,0.011864406779661017,0.03571428571428571,0.12558139534883722,0.0,stromal cell,0.7292805441475485
131,11.924743140454456,12.025295016606448,112.1329116821289,69834.1875,0.6564827950136036,0.9925140478279537,0.29381443298969073,0.7777777777777778,0.3134020618556701,0.7971014492753623,0.35051546391752575,0.30917874396135264,0.057731958762886594,0.01932367149758454,0.232662192393736,0.0034013605442176874,tracheobronchial goblet cell,0.7292805441475485
132,11.991490190045484,12.044850537721423,118.59833526611328,57377.8671875,0.9214166286669706,0.9946703793417353,0.2462686567164179,0.8040540540540541,0.08507462686567165,0.22297297297297297,0.5261194029850746,0.0,0.08582089552238807,0.037162162162162164,0.4618473895582329,0.2928870292887029,tracheobronchial serous cell,0.7292805441475485
133,11.696685266166527,11.788257760227927,91.13552856445312,35447.58203125,0.8488045172589683,0.9957761562593868,0.27759197324414714,0.6296928327645052,0.18779264214046823,0.5341296928327645,0.09866220735785954,0.0017064846416382253,0.01973244147157191,0.042662116040955635,0.08843283582089552,0.13123223973133558,tracheobronchial smooth muscle cell,0.7292805441475485
134,11.646705252537068,11.727884427389924,94.26200866699219,35580.51953125,0.7710572191085316,0.9987244140721891,0.2643229166666667,0.68894440974391,0.28164062500000003,0.6858213616489693,0.07161458333333333,0.013741411617738912,0.009505208333333334,0.01811367895065584,0.18599791013584116,0.12931473373383567,type I pneumocyte,0.7292805441475485
135,10.863014646371209,10.937236697735205,93.8995590209961,47513.50390625,0.6701336918657781,0.9996666666666667,0.2876666666666667,0.6656666666666666,0.3377666666666667,0.663,0.023,0.07033333333333333,0.0025666666666666667,0.007333333333333333,0.4999166527754626,0.4999166527754626,type II pneumocyte,0.7292805441475485
136,11.678996985939103,11.755641357383933,94.74395751953125,30001.646484375,0.7703986665625018,0.999235870648487,0.3033496424538954,0.5579682047305157,0.47704177643959356,0.713067080263668,0.16635302973278132,0.006979449398991857,0.026834776063229204,0.016673129119813883,0.08763005370531204,0.1162134944612286,vein endothelial cell,0.7292805441475485
