,1-Wasserstein_PCA,2-Wasserstein_PCA,Linear_MMD_PCA,Poly_MMD_PCA,KNN identity,KNN identity PCA,precision,recall,density,coverage,precision_PCA,recall_PCA,density_PCA,coverage_PCA,KNN category,KNN category PCA,ct,global_f1
0,11.187551008869779,11.27625562676248,116.4412841796875,12202.6806640625,0.2964358617925887,1.0,0.9007912355447353,0.004333333333333333,3.1163724893487523,0.9393333333333334,0.032866707242848445,0.0,0.0037735849056603774,0.002,0.1987754520860031,0.001503307276007216,"CD8-positive, alpha-beta T cell",0.5290071535910531
1,11.24087805300951,11.385014696025872,112.15333557128906,8357.0087890625,0.5988578591823943,0.9960936903944457,0.875,0.0,2.96875,0.9453125,0.25,0.0,0.025781250000000002,0.015625,0.0911854103343465,0.0,T cell,0.5290071535910531
2,16.1241650053635,16.45141261918195,241.0935516357422,55210.50390625,0.877668787032083,1.0,0.7470355731225297,0.019762845849802372,0.5324110671936759,0.6363636363636364,0.0,0.003952569169960474,0.0,0.0,0.07836538461538461,0.0,acinar cell,0.5290071535910531
3,15.690328153769158,15.826258999047361,239.80038452148438,63503.1953125,0.8238491736878052,1.0,0.6523333333333333,0.008666666666666666,0.6814,0.5926666666666667,0.0006666666666666666,0.0006666666666666666,6.666666666666667e-05,0.0003333333333333333,0.33199464524765726,0.03429991714995857,alveolar macrophage,0.5290071535910531
4,13.547504425238298,13.652242087081607,175.3588104248047,64111.2109375,0.4846843545922543,1.0,0.9955,0.0009165902841429881,7.92075,0.9926672777268561,0.0085,0.0009165902841429881,0.00095,0.0036663611365719525,0.07746855766657747,0.0,alveolar type 1 fibroblast cell,0.5290071535910531
5,14.666648067782203,14.762614669204392,205.65188598632812,108928.6875,0.8882897706427118,0.9995862311837724,0.9036666666666666,0.0,2.2333666666666665,0.4688735177865613,0.04466666666666667,0.0,0.007000000000000001,0.001976284584980237,0.09806320081549438,0.06902774644710129,alveolar type 2 fibroblast cell,0.5290071535910531
6,19.661594236363257,19.898648847194746,372.6821594238281,128267.2109375,0.9170344184219571,1.0,0.8240223463687151,0.0223463687150838,0.6782122905027933,0.42178770949720673,0.0,0.0,0.0,0.0,0.06516007532956686,0.0,bronchial goblet cell,0.5290071535910531
7,14.45616616624774,14.564185452323214,196.41525268554688,70517.5078125,0.46920634920634924,0.9984848450065312,0.9939393939393939,0.0,8.883636363636365,0.9606060606060606,0.012121212121212121,0.0,0.0012121212121212121,0.0030303030303030303,0.0,0.0,bronchus fibroblast of lung,0.5290071535910531
8,9.532555053108618,9.758386847810666,63.774017333984375,5304.21826171875,0.8093189964157705,1.0,0.868421052631579,0.2894736842105263,0.8026315789473686,0.9736842105263158,0.0,0.0,0.0,0.0,0.16071428571428573,0.0,brush cell of trachebronchial tree,0.5290071535910531
9,12.155691530466102,12.280912991702182,141.38116455078125,42642.296875,0.40539621028402084,1.0,0.985,0.0006666666666666666,4.555400000000001,0.9463333333333334,0.0,0.004333333333333333,0.0,0.0,0.12797728587202273,0.11328837039737513,capillary endothelial cell,0.5290071535910531
10,13.76216885876659,13.990622990670358,165.01353454589844,107796.640625,0.6889499562703079,0.9996666666296297,0.9923333333333333,0.001,14.7489,0.795,0.009,0.0033333333333333335,0.0015333333333333334,0.003,0.08679125752296485,0.02172096908939014,ciliated columnar cell of tracheobronchial tree,0.5290071535910531
11,9.744413622538222,9.829822288942864,86.70183563232422,18029.9765625,0.5370953616699273,0.9996666666666667,0.973,0.001,2.8113,0.8473333333333334,0.07233333333333333,0.07433333333333333,0.008100000000000001,0.004,0.10158040776933284,0.07040040053961588,classical monocyte,0.5290071535910531
12,15.627336542129525,15.897150524729517,199.0736541748047,38414.71875,0.5775076568720868,1.0,0.9543333333333334,0.010666666666666666,5.408133333333334,0.795,0.0,0.0,0.0,0.0,0.10725987239179169,0.0,club cell,0.5290071535910531
13,7.760140669547904,7.815604599467,53.56426239013672,4547.1953125,0.5797929606625258,1.0,0.8813559322033898,0.05084745762711865,0.6932203389830509,0.9830508474576272,0.0,0.0,0.0,0.0,0.1827956989247312,0.0,conventional dendritic cell,0.5290071535910531
14,7.737267601874564,7.858348428330681,52.61709976196289,4746.06787109375,0.594047619047619,1.0,0.8064516129032258,0.04838709677419355,1.332258064516129,0.9838709677419355,0.0,0.25806451612903225,0.0,0.0,0.006944444444444444,0.005681818181818182,dendritic cell,0.5290071535910531
15,11.739221397399925,11.917007920738703,128.0886688232422,24422.98828125,0.4730515683154507,1.0,0.9516666666666667,0.008,2.822966666666667,0.899,0.0,0.004666666666666667,0.0,0.0,0.08847583643122676,0.00916030534351145,elicited macrophage,0.5290071535910531
16,10.276402776764945,10.350194401116424,98.61380004882812,8956.0888671875,0.5378647598511549,0.9982476629535273,0.9532710280373832,0.0,4.389602803738318,0.9591121495327103,0.7488317757009346,0.054906542056074766,0.07862149532710282,0.007009345794392523,0.060675883256528416,0.003669724770642201,endothelial cell of lymphatic vessel,0.5290071535910531
17,15.320254519581805,15.47931178869073,225.7021484375,32300.61328125,0.4532168349107479,1.0,0.978125,0.009375,3.54375,0.99375,0.01875,0.028125,0.001875,0.003125,0.10829817158931083,0.0,epithelial cell of alveolus of lung,0.5290071535910531
18,17.294916548707477,17.47017118960937,279.6109924316406,47724.25390625,0.8906134515890614,1.0,0.7837837837837838,0.05855855855855856,0.6818693693693694,0.47297297297297297,0.0,0.0,0.0,0.0,0.08452535760728218,0.0,epithelial cell of lower respiratory tract,0.5290071535910531
19,11.9985511132649,12.069036631317607,133.34161376953125,50970.84765625,0.8636252942608977,1.0,0.9464285714285714,0.0,0.9517857142857142,0.7142857142857143,0.05357142857142857,0.0,0.005357142857142857,0.017857142857142856,0.0,0.007017543859649122,fibroblast,0.5290071535910531
20,7.821090049571819,8.028193808416544,47.36909484863281,3247.25048828125,0.5925469878958252,0.9909902597402598,0.963963963963964,0.009009009009009009,2.526126126126126,1.0,0.26126126126126126,0.07207207207207207,0.032432432432432434,0.04504504504504504,0.06622516556291391,0.029761904761904764,ionocyte,0.5290071535910531
21,9.91313230605261,9.98604946086143,91.1706771850586,17088.962890625,0.39950247776574443,1.0,0.9746963562753036,0.0020242914979757085,3.074493927125506,0.9655870445344129,0.008097165991902834,0.0020242914979757085,0.0008097165991902835,0.0020242914979757085,0.07489597780859916,0.04295892707460184,lung macrophage,0.5290071535910531
22,11.722833828144132,11.785593413962943,132.91860961914062,18128.7890625,0.44897120830268467,1.0,0.9903536977491961,0.0,2.9612540192926047,0.8810289389067524,0.05627009646302251,0.0,0.007877813504823151,0.00482315112540193,0.09020300088261254,0.00040128410914927763,lung pericyte,0.5290071535910531
23,7.562456470093078,7.60465986180333,52.251590728759766,2155.6416015625,0.9216904095531981,0.9984327399125291,0.765,0.0,0.29885,0.2688253012048193,0.8115,0.0,0.18845,0.012048192771084338,0.005066538399871733,0.0,mast cell,0.5290071535910531
24,9.891487005021839,10.09165701410245,77.55652618408203,19013.216796875,0.9554675903018308,0.9888875169774046,0.6,0.0,0.11111111111111112,0.26666666666666666,0.06666666666666667,0.4888888888888889,0.011111111111111112,0.06666666666666667,0.00851063829787234,0.0852359208523592,mesothelial cell,0.5290071535910531
25,10.64243898305807,10.870272546360255,105.04430389404297,9220.61328125,0.9548633702016917,1.0,0.8108108108108109,0.0,0.33603603603603605,0.24324324324324326,0.0,0.0,0.0,0.0,0.03676470588235294,0.0,mucus secreting cell,0.5290071535910531
26,11.078466235832977,11.220812643142029,95.02931213378906,69551.484375,0.7330681118326466,0.999660714911285,0.997,0.005141388174807198,6.0234000000000005,0.7763496143958869,0.0305,0.002570694087403599,0.00365,0.005141388174807198,0.08626670457776514,0.1205334023821854,multi-ciliated epithelial cell,0.5290071535910531
27,13.017562753371614,13.100816193261696,163.06881713867188,37762.69140625,0.5098522598129207,1.0,0.9694656488549618,0.0,2.26793893129771,0.916030534351145,0.0,0.015267175572519083,0.0,0.0,0.003007518796992481,0.0,myofibroblast cell,0.5290071535910531
28,17.39899146080017,17.651390397921595,287.2452087402344,88842.4921875,0.5096790378186298,0.999499999875,0.994,0.0003333333333333333,5.346533333333333,0.9736666666666667,0.201,0.0003333333333333333,0.022833333333333334,0.0026666666666666666,0.09264658244250082,0.0005546311702717693,nasal mucosa goblet cell,0.5290071535910531
29,14.328684044837964,14.400846457593037,202.35372924804688,34066.09765625,0.3399655507170737,1.0,0.9526666666666667,0.005,3.035633333333333,0.9556666666666667,0.0,0.0,0.0,0.0,0.13884265152256928,0.0,natural killer cell,0.5290071535910531
30,8.876904691757744,8.994190579018827,70.15397644042969,10531.8271484375,0.43109973732993,0.9997343217660954,0.96,0.005627462014631401,2.6307500000000004,0.9493528418683174,0.0015,0.2684299380979178,0.00015000000000000001,0.0011254924029262803,0.08311124272036324,0.000332667997338656,non-classical monocyte,0.5290071535910531
31,8.127599789017552,8.247335929096947,57.9101448059082,1878.598876953125,0.902549947919614,0.9971181316856024,0.760806916426513,0.0,0.8273775216138329,0.590778097982709,0.3861671469740634,0.0,0.0521613832853026,0.020172910662824207,0.014095851792186873,0.0,plasma cell,0.5290071535910531
32,7.352973096738985,7.4438554344619465,47.61194610595703,1468.6439208984375,0.641934592353754,0.9959348921754937,0.7154471544715447,0.008130081300813009,0.9463414634146341,0.7398373983739838,0.11382113821138211,0.0,0.011382113821138212,0.008130081300813009,0.009302325581395349,0.0,plasmacytoid dendritic cell,0.5290071535910531
33,12.69950467782594,12.789732080984589,153.26856994628906,42259.59375,0.4287430228888026,1.0,0.9975,0.0,9.328100000000001,0.9860917941585535,0.0025,0.0027816411682892906,0.00025,0.0006954102920723226,0.13222823375925713,0.01569821930646673,pulmonary artery endothelial cell,0.5290071535910531
34,13.963823697566946,14.423690267127812,166.86105346679688,33872.140625,0.516368013453219,1.0,0.9586666666666667,0.0023333333333333335,5.9981333333333335,0.9636666666666667,0.17533333333333334,0.0,0.017933333333333336,0.0016666666666666668,0.11060885094034265,0.006262822589353203,respiratory basal cell,0.5290071535910531
35,16.596014011221587,16.944391238277703,253.5284881591797,65067.37890625,0.8951688945587664,1.0,0.7481481481481481,0.009523809523809525,0.9873015873015873,0.6169312169312169,0.0,0.0,0.0,0.0,0.0317161671818304,0.0,respiratory hillock cell,0.5290071535910531
36,10.842910305201578,10.898017394513202,112.65641784667969,6617.49853515625,0.9928053830227743,1.0,0.04316546762589928,0.050359712230215826,0.005035971223021583,0.017985611510791366,0.0,0.0,0.0,0.0,0.11837121212121211,0.0,serous secreting cell,0.5290071535910531
37,13.06541021938982,13.097696568028345,163.94625854492188,33685.21484375,0.8409990862016449,1.0,0.8448275862068966,0.0,0.8681034482758622,0.7068965517241379,0.0,0.0,0.0,0.0,0.1509433962264151,0.0,smooth muscle cell,0.5290071535910531
38,11.699435736451829,11.818098204990523,124.94314575195312,13358.76953125,0.9282051282051282,1.0,0.6607142857142857,0.0,0.23392857142857146,0.30357142857142855,0.0,0.0,0.0,0.0,0.0,0.0,stromal cell,0.5290071535910531
39,19.675205470283238,19.76957882024928,374.14910888671875,103179.109375,0.9855042016806723,1.0,0.25120772946859904,0.20772946859903382,0.045410628019323676,0.05314009661835749,0.0,0.0,0.0,0.0,0.028824833702882482,0.0,tracheobronchial goblet cell,0.5290071535910531
40,11.454845581505754,11.566793221247512,125.22946166992188,7724.83544921875,0.979721397579356,1.0,0.28716216216216217,0.0,0.0614864864864865,0.07432432432432433,0.0,0.0,0.0,0.0,0.08628318584070796,0.0,tracheobronchial serous cell,0.5290071535910531
41,12.2595387253745,12.360115200184097,140.74842834472656,21781.890625,0.678814067021019,0.9991467570580008,0.9863481228668942,0.006825938566552901,3.3022184300341295,0.8156996587030717,0.023890784982935155,0.0,0.0023890784982935156,0.0017064846416382253,0.060190950601909494,0.0,tracheobronchial smooth muscle cell,0.5290071535910531
42,9.45455017124341,9.56063465045079,82.36691284179688,10124.884765625,0.49798455426572763,0.9994376249375313,0.9895,0.0037476577139287947,4.4968,0.9144284821986258,0.1135,0.0024984384759525295,0.0154,0.007495315427857589,0.09523809523809523,0.043473771168938455,type I pneumocyte,0.5290071535910531
43,21.112182410240184,21.199728003022585,441.1358337402344,81029.6171875,0.915232840420227,0.9996666666296297,0.7846666666666666,0.0033333333333333335,0.7859,0.6606666666666666,0.0003333333333333333,0.004333333333333333,3.3333333333333335e-05,0.0003333333333333333,0.11073950204384987,0.0,type II pneumocyte,0.5290071535910531
44,11.767752154040533,11.922963811985891,128.45297241210938,26712.314453125,0.39154360891931006,0.9994592043042905,0.9956666666666667,0.0015509887553315238,7.565000000000001,0.9647150058162078,0.20533333333333334,0.008918185343156262,0.021066666666666668,0.0023264831329972858,0.07978569359976831,0.019349526554137502,vein endothelial cell,0.5290071535910531
45,11.175607832380345,11.265759012081551,116.03231811523438,12147.4521484375,0.30245846952020367,0.9997645383854412,0.8904443091905052,0.005333333333333333,2.8419354838709676,0.9063333333333333,0.04747413268411443,0.0,0.0056603773584905665,0.0023333333333333335,0.1037037037037037,0.0010715960083048691,"CD8-positive, alpha-beta T cell",0.5290071535910531
46,11.42825474217534,11.563951983656303,118.01954650878906,9720.634765625,0.5696413087717436,1.0,0.8828125,0.0078125,3.1265625000000004,0.9765625,0.2734375,0.0078125,0.02734375,0.015625,0.09720176730486009,0.0,T cell,0.5290071535910531
47,15.776121020788256,16.133219825040364,228.3981475830078,49876.515625,0.8756027153914477,1.0,0.7944664031620553,0.03162055335968379,0.5308300395256917,0.6245059288537549,0.0,0.0,0.0,0.0,0.09147869674185463,0.0,acinar cell,0.5290071535910531
48,15.713003142515806,15.847520924867434,240.59092712402344,63975.73046875,0.8207500878419092,1.0,0.6433333333333333,0.004666666666666667,0.6595666666666666,0.5776666666666667,0.0,0.0,0.0,0.0,0.24903797891919022,0.035164835164835165,alveolar macrophage,0.5290071535910531
49,13.517755887282187,13.624537653439004,175.1676025390625,64083.1875,0.48213040834186216,1.0,0.9955,0.0009165902841429881,7.742400000000001,0.9917506874427131,0.008,0.0,0.0008,0.002749770852428964,0.06567878366905919,9.086365907955115e-05,alveolar type 1 fibroblast cell,0.5290071535910531
50,14.692166145166357,14.785618886909146,206.6708526611328,109823.515625,0.8896842475077951,0.9995862311837724,0.9003333333333333,0.0,2.229033333333333,0.46689723320158105,0.037,0.0,0.0058000000000000005,0.001976284584980237,0.0891326175948096,0.058269748474759867,alveolar type 2 fibroblast cell,0.5290071535910531
51,19.34979053449364,19.604128291023887,361.41302490234375,122030.9921875,0.9198833153058361,1.0,0.8268156424581006,0.030726256983240222,0.7170391061452515,0.41899441340782123,0.002793296089385475,0.0,0.0002793296089385475,0.002793296089385475,0.07068783068783069,0.0,bronchial goblet cell,0.5290071535910531
52,14.456343292467523,14.56475229060184,198.36619567871094,70976.421875,0.46920634920634924,1.0,0.996969696969697,0.0,8.211212121212121,0.9636363636363636,0.006060606060606061,0.0,0.0006060606060606061,0.0030303030303030303,0.0,0.0,bronchus fibroblast of lung,0.5290071535910531
53,10.559497946187069,10.855269014396486,88.00775909423828,10517.12890625,0.8798946444249341,1.0,0.8157894736842105,0.2894736842105263,0.5578947368421052,0.8947368421052632,0.0,0.10526315789473684,0.0,0.0,0.06956521739130435,0.0,brush cell of trachebronchial tree,0.5290071535910531
54,12.163516690413166,12.289147648132605,141.05599975585938,42465.66015625,0.40108285159240586,1.0,0.982,0.0003333333333333333,4.595400000000001,0.9433333333333334,0.0,0.005666666666666667,0.0,0.0,0.08178984045479552,0.11408118883653498,capillary endothelial cell,0.5290071535910531
55,13.874258986314135,14.084240670103506,165.9354705810547,108343.2109375,0.693211942977747,0.9994999999861112,0.9916666666666667,0.001,13.849133333333334,0.7983333333333333,0.006,0.004,0.0009333333333333334,0.0033333333333333335,0.08694002118945587,0.02463942307692308,ciliated columnar cell of tracheobronchial tree,0.5290071535910531
56,9.722346897761033,9.804894817714729,86.3730697631836,17902.486328125,0.5317061069691091,0.9994999999861112,0.9693333333333334,0.0006666666666666666,2.8099333333333334,0.847,0.07566666666666666,0.08466666666666667,0.009066666666666667,0.004666666666666667,0.07005195240489358,0.061000602772754674,classical monocyte,0.5290071535910531
57,15.583064385255165,15.842538239718504,197.45164489746094,37658.52734375,0.5788987914972168,1.0,0.9546666666666667,0.012333333333333333,5.563666666666666,0.8173333333333334,0.0,0.0003333333333333333,0.0,0.0,0.09648033126293996,0.0,club cell,0.5290071535910531
58,7.8076494427050545,7.857895809725396,55.160701751708984,4684.20263671875,0.6048354161561709,1.0,0.7966101694915254,0.03389830508474576,0.6694915254237288,0.9830508474576272,0.0,0.0,0.0,0.0,0.27722772277227725,0.004166666666666667,conventional dendritic cell,0.5290071535910531
59,7.860062429981849,7.968506183791035,53.70548629760742,4656.1201171875,0.5573782942203995,1.0,0.7903225806451613,0.03225806451612903,1.2258064516129032,0.9838709677419355,0.0,0.0,0.0,0.0,0.008928571428571428,0.010256410256410256,dendritic cell,0.5290071535910531
60,11.75073689603805,11.928791546206112,127.83472442626953,24456.982421875,0.47807973967435313,1.0,0.9553333333333334,0.01,2.7313333333333336,0.9093333333333333,0.0,0.0,0.0,0.0,0.09842154131847726,0.007936507936507936,elicited macrophage,0.5290071535910531
61,10.291752286882046,10.365485506191057,98.46202850341797,8969.119140625,0.5471886842054643,0.9982476629535273,0.9567757009345794,0.0011682242990654205,4.332827102803739,0.9719626168224299,0.7616822429906542,0.03387850467289719,0.08142523364485982,0.007009345794392523,0.05663082437275986,0.004195804195804196,endothelial cell of lymphatic vessel,0.5290071535910531
62,15.33744820952416,15.49478340888137,226.54380798339844,33090.6640625,0.4445374952417206,1.0,0.984375,0.009375,3.44,0.996875,0.03125,0.0,0.003125,0.003125,0.08539094650205761,0.0,epithelial cell of alveolus of lung,0.5290071535910531
63,17.239666772318305,17.403779382610058,277.4739685058594,46960.49609375,0.8917794178204764,1.0,0.7961711711711712,0.03490990990990991,0.7323198198198199,0.4527027027027027,0.0,0.0,0.0,0.0,0.06826241134751773,0.0,epithelial cell of lower respiratory tract,0.5290071535910531
64,12.370230334145681,12.418999686526163,145.09552001953125,57520.390625,0.8446348429212567,1.0,0.9107142857142857,0.0,1.0375,0.7857142857142857,0.0,0.0,0.0,0.0,0.0,0.038709677419354833,fibroblast,0.5290071535910531
65,8.248826426428714,8.469456864173823,55.735939025878906,4283.80419921875,0.5513445398131196,0.9954954040947182,0.954954954954955,0.02702702702702703,2.289189189189189,1.0,0.1891891891891892,0.036036036036036036,0.024324324324324326,0.036036036036036036,0.10062893081761005,0.011594202898550725,ionocyte,0.5290071535910531
66,9.932378697491847,10.004122402702844,91.4869613647461,17146.236328125,0.3913423168503604,1.0,0.978744939271255,0.003036437246963563,3.121153846153846,0.9655870445344129,0.011133603238866396,0.0,0.0011133603238866396,0.0020242914979757085,0.06231003039513678,0.03956369014605287,lung macrophage,0.5290071535910531
67,8.223890438079835,8.412693868276552,48.733428955078125,4606.34130859375,0.9599358974358974,1.0,0.72,0.04,0.20800000000000002,0.32,0.0,0.72,0.0,0.0,0.0,0.05555555555555556,lung neuroendocrine cell,0.5290071535910531
68,11.652796082174667,11.715475528032588,130.8610382080078,17684.212890625,0.4519406003362396,0.9991961409596553,0.9790996784565916,0.0,3.1876205787781355,0.8778135048231511,0.05305466237942122,0.011254019292604502,0.008360128617363344,0.003215434083601286,0.08942222222222222,0.0,lung pericyte,0.5290071535910531
69,7.524370414728137,7.571730463534946,51.45167541503906,2122.649169921875,0.920673103224062,0.9984327399125291,0.7855,0.0,0.36450000000000005,0.32680722891566266,0.822,0.0,0.19355,0.011295180722891566,0.004160887656033287,4.997501249375313e-05,mast cell,0.5290071535910531
70,9.710350153181288,9.929249394614175,67.03740692138672,17939.9375,0.9554675903018308,1.0,0.4666666666666667,0.0,0.18444444444444447,0.4,0.08888888888888889,0.6222222222222222,0.013333333333333334,0.08888888888888889,0.0163265306122449,0.0732394366197183,mesothelial cell,0.5290071535910531
71,11.048989046801315,11.25449355369283,111.97269439697266,9955.1044921875,0.9639171068671272,1.0,0.8828828828828829,0.0,0.31171171171171175,0.17117117117117117,0.0,0.0,0.0,0.0,0.03795620437956204,0.0,mucus secreting cell,0.5290071535910531
72,11.113610167538994,11.256002241376551,91.53752899169922,65744.3515625,0.7269434092406524,0.999321308470979,0.9955,0.002570694087403599,5.9802,0.7806341045415596,0.028,0.001713796058269066,0.004200000000000001,0.005141388174807198,0.07871742660514988,0.137943773320034,multi-ciliated epithelial cell,0.5290071535910531
73,12.951221244025774,13.031444818981496,161.0836944580078,36831.5859375,0.5098522598129207,1.0,0.9618320610687023,0.0,2.5450381679389316,0.9541984732824428,0.0,0.0,0.0,0.0,0.0015151515151515152,0.0,myofibroblast cell,0.5290071535910531
74,17.339840190728506,17.603903515150947,285.8473205566406,88215.90625,0.5110784245398388,0.9993333330370369,0.992,0.0003333333333333333,5.797433333333334,0.9773333333333334,0.19733333333333333,0.0,0.0233,0.0026666666666666666,0.09211553473848555,7.404939094375948e-05,nasal mucosa goblet cell,0.5290071535910531
75,14.305720843156207,14.375186752742701,201.51611328125,33846.41796875,0.33702637482030606,1.0,0.9506666666666667,0.0036666666666666666,3.0735,0.9466666666666667,0.0,0.0,0.0,0.0,0.12190435525192143,0.0,natural killer cell,0.5290071535910531
76,8.91302904661378,9.026218691949815,71.22754669189453,10865.203125,0.43812667517924964,0.9997343217660954,0.9595,0.005627462014631401,2.39095,0.9611705120990434,0.0015,0.12380416432189083,0.00015000000000000001,0.0016882386043894203,0.11427795874049945,0.0004156275976724855,non-classical monocyte,0.5290071535910531
77,8.093316438218698,8.206666768475161,57.483272552490234,1875.067138671875,0.89958374836173,0.9971181316856024,0.7406340057636888,0.0,0.8680115273775217,0.49279538904899134,0.37175792507204614,0.002881844380403458,0.04956772334293948,0.023054755043227664,0.016721192293711374,0.0,plasma cell,0.5290071535910531
78,7.495850062951807,7.570073265568959,51.4288444519043,1763.1458740234375,0.6076260531797114,0.9959348921754937,0.7073170731707317,0.0,0.9292682926829269,0.8130081300813008,0.2845528455284553,0.0,0.02845528455284553,0.008130081300813009,0.020522388059701493,0.0,plasmacytoid dendritic cell,0.5290071535910531
79,12.66755303653124,12.7645038712324,152.819091796875,41942.078125,0.43287210172026924,1.0,0.996,0.0006954102920723226,9.12405,0.9923504867872045,0.0055,0.0,0.00055,0.0006954102920723226,0.10131785757465844,0.01602714085166121,pulmonary artery endothelial cell,0.5290071535910531
80,13.946053404172266,14.406691125080826,166.18235778808594,33986.5625,0.5158132939649519,0.9996666666296297,0.96,0.0026666666666666666,6.070133333333334,0.97,0.17966666666666667,0.0,0.018533333333333332,0.0023333333333333335,0.11062753412937544,0.005699481865284973,respiratory basal cell,0.5290071535910531
81,16.694642818794048,17.008011781874483,256.9640808105469,67022.578125,0.896807531632875,1.0,0.726984126984127,0.006349206349206349,0.9646560846560848,0.5989417989417989,0.0,0.0,0.0,0.0,0.030640668523676882,0.0,respiratory hillock cell,0.5290071535910531
82,10.835213160343299,10.897469906994527,112.54717254638672,6615.92578125,0.9928053830227743,1.0,0.02877697841726619,0.03597122302158273,0.002877697841726619,0.01079136690647482,0.0,0.0,0.0,0.0,0.11736641221374046,0.0,serous secreting cell,0.5290071535910531
83,12.852323877400364,12.906352733016226,156.29391479492188,31353.97265625,0.8175785819764878,1.0,0.8706896551724138,0.0,0.8612068965517242,0.7327586206896551,0.0,0.008620689655172414,0.0,0.0,0.13011401743796108,0.0,smooth muscle cell,0.5290071535910531
84,11.690779626369476,11.801425000802256,129.2713623046875,13953.205078125,0.900829107300974,1.0,0.7142857142857143,0.0,0.18571428571428572,0.25,0.0,0.0,0.0,0.0,0.0,0.0,stromal cell,0.5290071535910531
85,19.650562304805433,19.770066610047376,372.3704528808594,102932.0859375,0.9830869522080924,1.0,0.3188405797101449,0.15942028985507245,0.05748792270531401,0.06280193236714976,0.0,0.0,0.0,0.0,0.026778242677824266,0.0,tracheobronchial goblet cell,0.5290071535910531
86,11.48758790299699,11.603888695447665,125.09123229980469,7624.72705078125,0.9814125014628521,1.0,0.3310810810810811,0.0,0.07331081081081081,0.08445945945945946,0.0,0.0,0.0,0.0,0.06960352422907488,0.0,tracheobronchial serous cell,0.5290071535910531
87,12.385775011147254,12.480154210207644,143.41925048828125,22413.841796875,0.6653705985011805,0.9991467570580008,0.9897610921501706,0.0,3.4962457337883963,0.8122866894197952,0.025597269624573378,0.0,0.002559726962457338,0.0017064846416382253,0.046300873290492664,0.0,tracheobronchial smooth muscle cell,0.5290071535910531
88,9.463807246608408,9.565250155925279,83.19172668457031,10312.732421875,0.49853118164149846,0.9994376249375313,0.99,0.0024984384759525295,4.55685,0.9031855090568395,0.1115,0.0012492192379762648,0.01465,0.005621486570893191,0.0958518939752946,0.062220414802765356,type I pneumocyte,0.5290071535910531
89,21.07351092418037,21.15866148810506,439.0943298339844,80262.1953125,0.9082401365709439,1.0,0.7966666666666666,0.0036666666666666666,0.8261666666666667,0.6796666666666666,0.0016666666666666668,0.003,0.0001666666666666667,0.0006666666666666666,0.09968232737000501,0.0,type II pneumocyte,0.5290071535910531
90,11.808583011983442,11.959941713856074,128.925537109375,26934.453125,0.3899382989529573,0.9990987226481549,0.9956666666666667,0.00038774718883288094,7.694466666666667,0.9534703373400543,0.19,0.07056998836758434,0.019233333333333335,0.0015509887553315238,0.08735082029158926,0.021143893484319016,vein endothelial cell,0.5290071535910531
91,11.15078473132241,11.24171800987676,115.2703628540039,11971.1162109375,0.3003389961523903,1.0,0.8971393791844188,0.004333333333333333,2.924467437614121,0.9166666666666666,0.03834449178332319,0.0,0.004564820450395618,0.002,0.11413658112222706,0.0011346310676169202,"CD8-positive, alpha-beta T cell",0.5290071535910531
92,11.447840869426727,11.591089658044694,115.46953582763672,8916.0234375,0.6045474268853597,1.0,0.8359375,0.0,2.8015625,0.96875,0.21875,0.0,0.022656250000000003,0.015625,0.09079601990049752,0.0,T cell,0.5290071535910531
93,16.095447342386354,16.459831261977467,241.06198120117188,56653.44140625,0.8879557137208383,1.0,0.7984189723320159,0.019762845849802372,0.5209486166007905,0.5612648221343873,0.0,0.0,0.0,0.0,0.107670654468684,0.0,acinar cell,0.5290071535910531
94,15.67425749476749,15.814298547880735,239.7974090576172,63528.484375,0.8289338165848265,1.0,0.642,0.012,0.6687333333333334,0.5886666666666667,0.0003333333333333333,0.0016666666666666668,3.3333333333333335e-05,0.0003333333333333333,0.3316021667504328,0.03384104126280808,alveolar macrophage,0.5290071535910531
95,13.497229789795734,13.610275256068403,175.7003173828125,64326.3203125,0.48638068293413994,1.0,0.9955,0.0009165902841429881,8.080200000000001,0.9926672777268561,0.0155,0.0,0.0019,0.00458295142071494,0.06149425287356322,8.329168748958856e-05,alveolar type 1 fibroblast cell,0.5290071535910531
96,14.686666757881373,14.785599525522754,206.1177520751953,109357.0,0.8864265542617865,0.9995862311837724,0.9026666666666666,0.0,2.3545666666666665,0.4817193675889328,0.043333333333333335,0.0,0.006866666666666667,0.0014822134387351778,0.08897485493230174,0.06865333836288193,alveolar type 2 fibroblast cell,0.5290071535910531
97,19.27300459579383,19.54085678813883,358.35791015625,119844.484375,0.9170344184219571,1.0,0.8435754189944135,0.00558659217877095,0.6541899441340783,0.42178770949720673,0.002793296089385475,0.0,0.0002793296089385475,0.002793296089385475,0.06042884990253411,0.0,bronchial goblet cell,0.5290071535910531
98,14.399598465543802,14.516320939786842,195.93075561523438,69865.140625,0.466484268125855,0.9984848450065312,0.9878787878787879,0.0,8.451212121212121,0.9666666666666667,0.024242424242424242,0.0,0.0024242424242424242,0.0030303030303030303,0.0,0.0,bronchus fibroblast of lung,0.5290071535910531
99,10.445891480696828,10.630829969584733,93.74723052978516,11078.248046875,0.7946315979102865,1.0,0.9210526315789473,0.3157894736842105,0.6736842105263158,0.9473684210526315,0.0,0.0,0.0,0.0,0.10416666666666667,0.0,brush cell of trachebronchial tree,0.5290071535910531
100,12.169073630650837,12.294450074098952,141.2684326171875,42418.15625,0.40407215937867885,1.0,0.98,0.0006666666666666666,4.413866666666666,0.94,0.0006666666666666666,0.004,6.666666666666667e-05,0.0006666666666666666,0.09008976002930941,0.12955781693256643,capillary endothelial cell,0.5290071535910531
101,13.716773234367372,13.947101475150912,163.62266540527344,107000.6015625,0.687023850823058,0.9996666666296297,0.9913333333333333,0.001,14.479066666666668,0.7983333333333333,0.009333333333333334,0.0013333333333333333,0.0018,0.003,0.08662541646834841,0.029161499978620605,ciliated columnar cell of tracheobronchial tree,0.5290071535910531
102,9.758423030535349,9.83761425444756,87.05155181884766,18104.677734375,0.5308937613349227,0.9996666666296297,0.9656666666666667,0.0003333333333333333,2.723366666666667,0.8393333333333334,0.07066666666666667,0.0006666666666666666,0.008366666666666666,0.003,0.10199378819757539,0.06527361125478431,classical monocyte,0.5290071535910531
103,15.64614118448893,15.900816056364578,199.46176147460938,38474.23828125,0.5783958114495797,1.0,0.9513333333333334,0.012,5.466266666666667,0.8013333333333333,0.0006666666666666666,0.0,6.666666666666667e-05,0.0003333333333333333,0.13772691397000789,0.0,club cell,0.5290071535910531
104,7.567680334640762,7.6300887679372735,51.98503112792969,4600.419921875,0.5924342105263157,1.0,0.8983050847457628,0.13559322033898305,0.576271186440678,0.9661016949152542,0.01694915254237288,0.0,0.0033898305084745766,0.03389830508474576,0.11235955056179775,0.00819672131147541,conventional dendritic cell,0.5290071535910531
105,7.999718773749565,8.170652509490491,58.14656448364258,5603.95703125,0.5820537787431652,1.0,0.7580645161290323,0.03225806451612903,1.0838709677419354,0.9516129032258065,0.0,0.016129032258064516,0.0,0.0,0.0078125,0.009230769230769232,dendritic cell,0.5290071535910531
106,11.709433729966477,11.891625203784574,127.64112854003906,24283.515625,0.4842360330847017,1.0,0.9543333333333334,0.008,2.887266666666667,0.9136666666666666,0.0,0.0,0.0,0.0,0.08921713441654358,0.007607212334136638,elicited macrophage,0.5290071535910531
107,10.344398897941987,10.412663469983974,99.08927154541016,9105.5927734375,0.5406762923587773,0.9988317757009346,0.9415887850467289,0.0035046728971962616,4.223014018691589,0.9719626168224299,0.7488317757009346,0.10630841121495327,0.07850467289719626,0.010514018691588784,0.056836461126005364,0.005233219567690558,endothelial cell of lymphatic vessel,0.5290071535910531
108,15.427502028644092,15.567174502073165,228.4138946533203,33480.8203125,0.4386839877639955,1.0,0.99375,0.009375,3.37875,0.996875,0.0125,0.003125,0.0012500000000000002,0.003125,0.121272365805169,0.0,epithelial cell of alveolus of lung,0.5290071535910531
109,17.27491283792634,17.452983985067895,279.33538818359375,48090.72265625,0.8906134515890614,1.0,0.7905405405405406,0.04054054054054054,0.670382882882883,0.4650900900900901,0.0,0.0,0.0,0.0,0.08834614804764059,0.0,epithelial cell of lower respiratory tract,0.5290071535910531
110,12.109806282179695,12.176272195608982,136.0689697265625,52987.6328125,0.8636252942608977,1.0,0.9642857142857143,0.03571428571428571,0.8250000000000001,0.6964285714285714,0.017857142857142856,0.0,0.0017857142857142857,0.017857142857142856,0.0,0.038709677419354833,fibroblast,0.5290071535910531
111,8.215457972105558,8.51031308994089,54.67131423950195,4165.45263671875,0.5791025911101748,0.9954954040947182,0.9369369369369369,0.018018018018018018,2.279279279279279,0.990990990990991,0.22522522522522523,0.0,0.025225225225225224,0.04504504504504504,0.07096774193548387,0.027874564459930314,ionocyte,0.5290071535910531
112,9.877437292322934,9.952989480695686,90.86072540283203,16821.154296875,0.3882549006197369,1.0,0.9817813765182186,0.0020242914979757085,3.097672064777328,0.978744939271255,0.009109311740890687,0.0,0.0009109311740890688,0.0020242914979757085,0.06456456456456457,0.036943272386310365,lung macrophage,0.5290071535910531
113,8.36083945274353,8.838757498059163,52.698307037353516,6382.62890625,0.9599358974358974,1.0,0.68,0.04,0.272,0.36,0.04,0.92,0.004,0.04,0.0,0.08080808080808081,lung neuroendocrine cell,0.5290071535910531
114,11.706080774785622,11.775018323668341,132.2847442626953,17969.142578125,0.4519406003362396,1.0,0.9726688102893891,0.0,3.089549839228296,0.8778135048231511,0.05144694533762058,0.0,0.0072347266881028945,0.003215434083601286,0.11177777777777778,0.0,lung pericyte,0.5290071535910531
115,7.545696873291421,7.591608593247457,51.92942810058594,2157.644287109375,0.920673103224062,0.9981190478433293,0.778,0.0,0.32955,0.28539156626506024,0.8105,0.0,0.1888,0.012048192771084338,0.0048654493032196065,0.0,mast cell,0.5290071535910531
116,10.076935058169894,10.195014467393856,81.94440460205078,20503.326171875,0.9554675903018308,1.0,0.35555555555555557,0.0,0.08000000000000002,0.2222222222222222,0.1111111111111111,0.3111111111111111,0.022222222222222223,0.1111111111111111,0.0125,0.10576923076923075,mesothelial cell,0.5290071535910531
117,10.838921796094183,11.057933988684244,106.15826416015625,9025.783203125,0.9548633702016917,1.0,0.8018018018018018,0.009009009009009009,0.2981981981981982,0.1891891891891892,0.0,0.0,0.0,0.0,0.03950617283950617,0.0,mucus secreting cell,0.5290071535910531
118,11.087132240524829,11.236102910274996,91.85301208496094,65928.796875,0.7274563490455545,0.999660714911285,0.9965,0.005141388174807198,5.980250000000001,0.7686375321336761,0.0265,0.002570694087403599,0.0035499999999999998,0.003427592116538132,0.07178100389031217,0.16044260027662519,multi-ciliated epithelial cell,0.5290071535910531
119,12.91213010831644,12.999628955476117,159.71791076660156,36560.7890625,0.522553324424235,1.0,0.9770992366412213,0.0,2.646564885496183,0.9465648854961832,0.0,0.007633587786259542,0.0,0.0,0.0072992700729927,0.0,myofibroblast cell,0.5290071535910531
120,17.412830316861484,17.660582820783787,287.5133056640625,89521.140625,0.5121957066030963,0.9996666666296297,0.9926666666666667,0.0006666666666666666,5.477866666666667,0.9796666666666667,0.18466666666666667,0.0,0.020733333333333336,0.0026666666666666666,0.08401314517687995,9.520635978483364e-05,nasal mucosa goblet cell,0.5290071535910531
121,14.326636158148446,14.395633328952583,202.23963928222656,33947.53125,0.3392320210878874,1.0,0.9576666666666667,0.004666666666666667,3.2328666666666663,0.963,0.0,0.0,0.0,0.0,0.1220136518771331,0.0,natural killer cell,0.5290071535910531
122,8.853847935445117,8.967436887567956,70.26026153564453,10476.447265625,0.434893388070372,1.0,0.957,0.005064715813168261,2.70345,0.9774901519414744,0.0,0.0,0.0,0.0,0.1003564573622155,0.0004272895598917533,non-classical monocyte,0.5290071535910531
123,8.133773567353611,8.267063764049993,58.13302230834961,1916.8431396484375,0.9069899903672991,0.9971181316856024,0.7377521613832853,0.0,0.7538904899135447,0.45821325648414984,0.3659942363112392,0.002881844380403458,0.05389048991354467,0.023054755043227664,0.01274840644919385,0.0,plasma cell,0.5290071535910531
124,7.305550300008883,7.372871837252224,46.74330139160156,1501.8916015625,0.625,0.9959348921754937,0.7398373983739838,0.0,0.894308943089431,0.7479674796747967,0.16260162601626016,0.0,0.016260162601626018,0.008130081300813009,0.007751937984496124,0.0,plasmacytoid dendritic cell,0.5290071535910531
125,12.635675849748452,12.734824836127704,152.90615844726562,42240.9609375,0.4287430228888026,1.0,0.9975,0.0006954102920723226,9.071,0.9944367176634215,0.007,0.0,0.0007000000000000001,0.0013908205841446453,0.13114880791375247,0.011096884336320957,pulmonary artery endothelial cell,0.5290071535910531
126,13.926030463377625,14.382371201292408,166.52508544921875,33903.90234375,0.5158132939649519,0.9998333333287037,0.962,0.004333333333333333,5.874700000000001,0.974,0.17833333333333334,0.0,0.01796666666666667,0.0013333333333333333,0.1106648817492191,0.006888168557536467,respiratory basal cell,0.5290071535910531
127,16.573032295893107,16.8963506007835,252.10137939453125,64847.5234375,0.8918867180774424,1.0,0.7523809523809524,0.013756613756613757,0.9606349206349206,0.6190476190476191,0.0,0.0,0.0,0.0,0.03949004975124378,0.0,respiratory hillock cell,0.5290071535910531
128,10.769266342945226,10.829683298964676,111.059814453125,6493.22216796875,0.9928053830227743,1.0,0.02158273381294964,0.03597122302158273,0.0021582733812949644,0.007194244604316547,0.0,0.0,0.0,0.0,0.10296010296010295,0.0,serous secreting cell,0.5290071535910531
129,12.980117468998344,13.034596732555991,161.2360076904297,32818.3046875,0.8270080110127527,1.0,0.8706896551724138,0.0,0.8362068965517242,0.7586206896551724,0.0,0.017241379310344827,0.0,0.0,0.13227513227513227,0.0,smooth muscle cell,0.5290071535910531
130,11.755654726709643,11.854076400159038,128.05455017089844,13815.3193359375,0.9191205969670224,1.0,0.5892857142857143,0.0,0.1767857142857143,0.23214285714285715,0.0,0.0,0.0,0.0,0.0,0.0,stromal cell,0.5290071535910531
131,19.71354950798883,19.81680556760199,374.7595520019531,103710.1640625,0.9855042016806723,1.0,0.28019323671497587,0.22705314009661837,0.05024154589371981,0.05314009661835749,0.0,0.0,0.0,0.0,0.033697632058287796,0.0,tracheobronchial goblet cell,0.5290071535910531
132,11.357777829105789,11.470985323423362,123.47362518310547,7464.8017578125,0.9763381182408899,1.0,0.36486486486486486,0.0,0.08141891891891892,0.09121621621621621,0.0,0.0,0.0,0.0,0.07186147186147186,0.0,tracheobronchial serous cell,0.5290071535910531
133,12.355295213823018,12.458273129679487,143.2234344482422,22441.9765625,0.6765911563258653,0.9991467570580008,0.9931740614334471,0.0034129692832764505,3.4051194539249146,0.8122866894197952,0.034129692832764506,0.006825938566552901,0.003583617747440273,0.0034129692832764505,0.04718367346938775,0.0,tracheobronchial smooth muscle cell,0.5290071535910531
134,9.392866754066848,9.498561156283088,81.28150177001953,9940.37890625,0.5045116065316565,0.999156384509055,0.989,0.0024984384759525295,4.71275,0.9106808244846971,0.1265,0.0018738288569643974,0.017499999999999998,0.007495315427857589,0.07765422775448556,0.04838709677419355,type I pneumocyte,0.5290071535910531
135,21.060948376814544,21.14954860172485,438.60357666015625,80136.6171875,0.9070436979507395,1.0,0.7883333333333333,0.0033333333333333335,0.8078333333333334,0.688,0.003,0.0,0.00030000000000000003,0.0006666666666666666,0.09963198394111744,0.0,type II pneumocyte,0.5290071535910531
136,11.835323259966033,11.988585874047114,130.80404663085938,27461.4609375,0.39593697471596834,0.9994592043042905,0.9943333333333333,0.0007754943776657619,7.927966666666667,0.9635517642497092,0.19933333333333333,0.2531989143078713,0.02036666666666667,0.0023264831329972858,0.09619377162629758,0.02249134948096886,vein endothelial cell,0.5290071535910531
