,1-Wasserstein_PCA,2-Wasserstein_PCA,Linear_MMD_PCA,Poly_MMD_PCA,KNN identity,KNN identity PCA,precision,recall,density,coverage,precision_PCA,recall_PCA,density_PCA,coverage_PCA,KNN category,KNN category PCA,ct,global_f1
0,11.454040932019586,11.602120955032856,99.82185363769531,11432.015625,0.7638791590520986,0.9988333317453681,0.36,0.2926666666666667,1.6139000000000001,0.937,0.20966666666666667,0.0,0.0337,0.010666666666666666,0.031163065569280887,0.034361736859288276,"CD8-positive, alpha-beta T cell",0.5664657753575881
1,12.641176342964172,12.759269290124607,114.35745239257812,18918.87109375,0.909846733322105,1.0,0.546875,0.3359375,0.4859375,0.53125,0.0546875,0.0,0.00703125,0.0234375,0.005128205128205128,0.00683526999316473,T cell,0.5664657753575881
2,12.321353701263542,12.443654544426558,102.13804626464844,43659.39453125,0.9008372005518626,1.0,0.18181818181818182,0.8260869565217391,0.04229249011857708,0.2134387351778656,0.011857707509881422,0.039525691699604744,0.0023715415019762848,0.015810276679841896,0.10290697674418604,0.15118790496760257,acinar cell,0.5664657753575881
3,11.268082870006536,11.418129078353115,94.90283203125,34991.1015625,0.7588731212232864,0.9998333333287037,0.19166666666666668,0.7863333333333333,0.13206666666666667,0.417,0.013,0.1,0.0016,0.0036666666666666666,0.48892674616695064,0.19709164693946568,alveolar macrophage,0.5664657753575881
4,13.370650834713814,13.601727892506716,129.08494567871094,55607.0,0.8707813179992814,0.9990834089457943,0.15490375802016498,0.7268560953253895,0.138038496791934,0.4307974335472044,0.04124656278643447,0.0009165902841429881,0.00614115490375802,0.013748854262144821,0.05612528817871055,0.04143688725490196,alveolar type 1 fibroblast cell,0.5664657753575881
5,11.479635721138818,11.645592233170072,96.83175659179688,67386.9453125,0.6892910105526682,0.9992588928735874,0.17391304347826086,0.7524703557312253,0.1433300395256917,0.29051383399209485,0.024703557312252964,0.008893280632411068,0.003507905138339921,0.008893280632411068,0.07479446169469019,0.09818913480885312,alveolar type 2 fibroblast cell,0.5664657753575881
6,13.829604881435799,14.0075393516673,130.12257385253906,57230.0859375,0.9131632277802555,0.9986033492309643,0.19553072625698323,0.8798882681564246,0.05726256983240224,0.17597765363128492,0.1564245810055866,0.002793296089385475,0.015921787709497207,0.008379888268156424,0.01744719926538108,0.026469950097635062,bronchial goblet cell,0.5664657753575881
7,13.485378473455244,13.720368407569387,130.18414306640625,54625.80078125,0.901415344736062,0.9969696691429674,0.4,0.5212121212121212,0.4645454545454546,0.7484848484848485,0.015151515151515152,0.0030303030303030303,0.0018181818181818182,0.012121212121212121,0.0015968063872255488,0.016014782876501387,bronchus fibroblast of lung,0.5664657753575881
8,14.460902966951071,14.763321325283467,167.0859832763672,18273.552734375,0.8380681818181819,1.0,0.21052631578947367,0.9210526315789473,0.028947368421052635,0.15789473684210525,0.02631578947368421,0.07894736842105263,0.005263157894736842,0.05263157894736842,0.2121212121212121,0.0,brush cell of trachebronchial tree,0.5664657753575881
9,11.963170409043645,12.085304292681252,96.97611999511719,28828.6328125,0.8466478208674856,0.9993333330370369,0.3626666666666667,0.6056666666666667,0.5514666666666667,0.6073333333333333,0.13366666666666666,0.0013333333333333333,0.016633333333333333,0.008666666666666666,0.0569934927250128,0.05041459369817578,capillary endothelial cell,0.5664657753575881
10,12.846417639096568,13.063319666794431,117.04751586914062,68228.921875,0.6449832242971625,0.9988333317453681,0.491,0.6796666666666666,0.6240666666666668,0.671,0.043,0.02,0.006200000000000001,0.021333333333333333,0.05348970251716247,0.07638136511375947,ciliated columnar cell of tracheobronchial tree,0.5664657753575881
11,11.80863503074647,11.89131434235237,100.03871154785156,22761.9609375,0.8564506181311936,0.9996666666296297,0.24033333333333334,0.603,0.28253333333333336,0.5253333333333333,0.04666666666666667,0.0003333333333333333,0.0058000000000000005,0.007333333333333333,0.06650641025641026,0.05412599822537711,classical monocyte,0.5664657753575881
12,12.537198092301681,12.761131013433927,102.88477325439453,27568.171875,0.8066526647812142,0.999499999875,0.287,0.68,0.28073333333333333,0.554,0.018,0.008666666666666666,0.002466666666666667,0.009,0.06461694729851154,0.04910418049104181,club cell,0.5664657753575881
13,11.824229644516768,11.904558327080325,110.92017364501953,19768.05078125,0.9151567443198159,1.0,0.3728813559322034,0.6949152542372882,0.2983050847457627,0.8135593220338984,0.05084745762711865,0.0,0.006779661016949153,0.03389830508474576,0.22429906542056074,0.01092896174863388,conventional dendritic cell,0.5664657753575881
14,11.839609007681567,11.986810875847729,104.97602081298828,15675.560546875,0.8209033613445378,1.0,0.6129032258064516,0.5161290322580645,0.6725806451612903,0.9354838709677419,0.0967741935483871,0.0,0.014516129032258067,0.06451612903225806,0.07818930041152264,0.024875621890547265,dendritic cell,0.5664657753575881
15,11.475584508101154,11.55651206000505,97.73472595214844,26765.072265625,0.8744570329195167,1.0,0.31833333333333336,0.6366666666666667,0.23553333333333334,0.561,0.0006666666666666666,0.0006666666666666666,6.666666666666667e-05,0.0006666666666666666,0.08440052991830427,0.08269608174866347,elicited macrophage,0.5664657753575881
16,12.144178203890258,12.278829991078661,106.05223083496094,22170.298828125,0.8165996440108115,0.9970794143406898,0.3107476635514019,0.5817757009345794,0.42885514018691595,0.7523364485981309,0.35397196261682246,0.0,0.04754672897196262,0.02453271028037383,0.06540269669886864,0.0606832166348398,endothelial cell of lymphatic vessel,0.5664657753575881
17,11.82268105447293,11.92708539582391,100.3891830444336,33205.4140625,0.885814561087499,1.0,0.38125,0.6375,0.3415625,0.790625,0.03125,0.0125,0.0043749999999999995,0.01875,0.08378870673952639,0.1476074614760746,epithelial cell of alveolus of lung,0.5664657753575881
18,13.956321347941158,14.060687046129006,147.7537841796875,53337.44140625,0.8485964926284533,0.9971846766515533,0.13851351351351351,0.8119369369369369,0.10709459459459461,0.41103603603603606,0.06981981981981981,0.07995495495495496,0.009234234234234235,0.024774774774774775,0.06543547651618788,0.06824925816023739,epithelial cell of lower respiratory tract,0.5664657753575881
19,13.72468568597521,13.987608680804495,131.6741943359375,59403.9296875,0.8925487687879756,1.0,0.2857142857142857,0.9642857142857143,0.09821428571428571,0.23214285714285715,0.017857142857142856,0.125,0.0035714285714285713,0.03571428571428571,0.025,0.02764976958525345,fibroblast,0.5664657753575881
20,11.968713837700918,12.1336001293676,107.36662292480469,11742.8310546875,0.8242351651474857,0.9954954040947182,0.45045045045045046,0.6666666666666666,0.3441441441441442,0.8738738738738738,0.36936936936936937,0.0,0.03783783783783784,0.02702702702702703,0.10913705583756345,0.11241217798594848,ionocyte,0.5664657753575881
21,11.683125641664521,11.745796355974297,93.92750549316406,25361.640625,0.865144359970095,1.0,0.2601214574898785,0.6396761133603239,0.26214574898785425,0.6174089068825911,0.0010121457489878543,0.008097165991902834,0.00010121457489878543,0.0010121457489878543,0.049689440993788817,0.05447360993508327,lung macrophage,0.5664657753575881
22,12.3608866611861,12.573699828436407,114.19823455810547,34952.4765625,0.8761337509278202,0.9991961409596553,0.39389067524115756,0.6334405144694534,0.2935691318327975,0.5401929260450161,0.15916398713826366,0.0,0.01961414790996785,0.011254019292604502,0.0707269155206287,0.04384133611691023,lung pericyte,0.5664657753575881
23,12.14197538954665,12.302896168461208,112.38301849365234,19612.3515625,0.859270097595008,0.9973644395245047,0.20180722891566266,0.5052710843373494,0.30843373493975906,0.7831325301204819,0.4375,0.0,0.08072289156626507,0.024096385542168676,0.06069417806100352,0.04851639770952629,mast cell,0.5664657753575881
24,12.900615395439996,13.069577420988644,117.92906951904297,32597.447265625,0.7662337662337662,0.9888875169774046,0.17777777777777778,0.9777777777777777,0.017777777777777778,0.08888888888888889,0.28888888888888886,0.022222222222222223,0.035555555555555556,0.08888888888888889,0.1142857142857143,0.14345991561181434,mesothelial cell,0.5664657753575881
25,15.213350940395054,15.393218544783377,185.976318359375,47733.7734375,0.9231599307747124,1.0,0.08108108108108109,0.9279279279279279,0.019819819819819822,0.12612612612612611,0.009009009009009009,0.0,0.0009009009009009009,0.009009009009009009,0.08045977011494253,0.0330827067669173,mucus secreting cell,0.5664657753575881
26,12.70433678827228,12.94734106053193,106.78215789794922,60998.59375,0.8382066775017003,1.0,0.5552699228791774,0.7112253641816624,0.3099400171379606,0.47986289631533846,0.043701799485861184,0.026563838903170524,0.006169665809768638,0.02313624678663239,0.06321956536548812,0.06104274611398963,multi-ciliated epithelial cell,0.5664657753575881
27,12.711579031616681,12.927635082935177,110.960693359375,32912.2734375,0.8570269752075867,0.9923659673659674,0.31297709923664124,0.8015267175572519,0.13129770992366413,0.5343511450381679,0.06870229007633588,0.0,0.0076335877862595426,0.015267175572519083,0.03405315614617941,0.04042553191489362,myofibroblast cell,0.5664657753575881
28,13.3378288998604,13.591527471915224,115.39328002929688,45189.28125,0.8214410705933255,0.9983333287036908,0.296,0.5896666666666667,0.34703333333333336,0.49733333333333335,0.143,0.010666666666666666,0.0208,0.008333333333333333,0.027771536422055456,0.047851284162523364,nasal mucosa goblet cell,0.5664657753575881
29,12.116314385096226,12.268853853537227,118.45160675048828,25879.810546875,0.8775079169270041,0.9998333333287037,0.24633333333333332,0.431,0.3955,0.7896666666666666,0.039,0.0,0.004433333333333333,0.0033333333333333335,0.05636442266109269,0.025889328063241106,natural killer cell,0.5664657753575881
30,11.635638332796267,11.722584274314555,100.35420989990234,21084.583984375,0.8631569440219045,0.9994372536203244,0.34721440630275746,0.5272931907709623,0.3770399549803039,0.7445132245357344,0.012380416432189083,0.0061902082160945416,0.0013505908835115363,0.0039392234102419805,0.1050097911227154,0.06464485235434957,non-classical monocyte,0.5664657753575881
31,12.448086896616037,12.634710215469578,127.78117370605469,5937.87109375,0.7667789716767339,0.9956771526513255,0.1642651296829971,0.6714697406340058,0.18962536023054755,0.4783861671469741,0.2968299711815562,0.0,0.0659942363112392,0.040345821325648415,0.10517529215358933,0.010498687664041995,plasma cell,0.5664657753575881
32,11.668932914733896,11.791626424495277,105.77495574951172,7737.80712890625,0.8941340042372881,1.0,0.4634146341463415,0.5772357723577236,0.5,0.8861788617886179,0.016260162601626018,0.0,0.002439024390243903,0.024390243902439025,0.11524822695035462,0.0029090909090909093,plasmacytoid dendritic cell,0.5664657753575881
33,12.13127861268331,12.269491912704831,99.48153686523438,27386.771484375,0.8656870198899205,0.9989568834268869,0.35118219749652296,0.6300417246175244,0.5146036161335188,0.6606397774687065,0.10917941585535466,0.006954102920723227,0.014325452016689846,0.012517385257301807,0.03928834155246165,0.042566375899709234,pulmonary artery endothelial cell,0.5664657753575881
34,12.627296918551131,12.818702438615926,118.25347137451172,27833.546875,0.689768574257849,0.9996666666296297,0.29333333333333333,0.7283333333333334,0.17943333333333333,0.5316666666666666,0.014666666666666666,0.006,0.0019666666666666665,0.006333333333333333,0.10605796596387292,0.09316239316239316,respiratory basal cell,0.5664657753575881
35,12.636206925609127,12.78801070828308,113.04345703125,39151.34375,0.8655745967741937,0.9994708993227792,0.328042328042328,0.5767195767195767,0.1256084656084656,0.24338624338624337,0.02857142857142857,0.0,0.002857142857142857,0.0031746031746031746,0.025716145833333332,0.0032875074716078897,respiratory hillock cell,0.5664657753575881
36,14.180128516053141,14.30187882000093,181.8727569580078,68676.4921875,0.9149589797160309,0.9982014330308765,0.025179856115107913,0.9568345323741008,0.0032374100719424464,0.02158273381294964,0.0683453237410072,0.0,0.007194244604316547,0.007194244604316547,0.19042316258351893,0.07098765432098765,serous secreting cell,0.5664657753575881
37,12.739737560009132,13.039600795234225,118.25248718261719,45016.1796875,0.759951584249263,1.0,0.2413793103448276,0.8879310344827587,0.13620689655172413,0.3017241379310345,0.0,0.0,0.0,0.0,0.07492063492063492,0.04921700223713646,smooth muscle cell,0.5664657753575881
38,13.279117635318212,13.408150745543951,135.8240203857422,38890.9296875,0.7956882255389717,1.0,0.125,0.8035714285714286,0.03214285714285715,0.19642857142857142,0.03571428571428571,0.05357142857142857,0.005357142857142857,0.03571428571428571,0.05555555555555556,0.0,stromal cell,0.5664657753575881
39,17.520270163310318,17.684201628967376,254.77713012695312,102609.390625,0.885235362465865,0.9951689693801344,0.024154589371980676,0.9758454106280193,0.0033816425120772944,0.014492753623188406,0.07729468599033816,0.0821256038647343,0.01497584541062802,0.014492753623188406,0.004694835680751175,0.0,tracheobronchial goblet cell,0.5664657753575881
40,15.387674299446319,15.54287698991394,209.0474395751953,85828.4375,0.8977982897326413,0.998310805990932,0.06756756756756757,0.9054054054054054,0.014864864864864866,0.09121621621621621,0.26013513513513514,0.0,0.03885135135135135,0.030405405405405407,0.11416980585337584,0.09785202863961813,tracheobronchial serous cell,0.5664657753575881
41,12.83924215401397,13.113169483568324,118.36971282958984,36433.60546875,0.8491952086842598,0.9974402562655844,0.2150170648464164,0.5972696245733788,0.1808873720136519,0.4863481228668942,0.1075085324232082,0.0017064846416382253,0.021672354948805463,0.042662116040955635,0.03766889586461035,0.043206608069469445,tracheobronchial smooth muscle cell,0.5664657753575881
42,12.542815928307272,12.677428646496814,117.05479431152344,32464.11328125,0.8672511963305181,0.9984384721449667,0.3997501561524047,0.43597751405371643,0.5780137414116178,0.7070580886945659,0.10493441599000625,0.008119925046845722,0.01599000624609619,0.024984384759525295,0.03542899408284023,0.037882080254961606,type I pneumocyte,0.5664657753575881
43,11.318697514216145,11.43299436658039,101.76093292236328,45235.375,0.6928421792041516,0.9998333333287037,0.2653333333333333,0.7086666666666667,0.3287333333333333,0.6986666666666667,0.021666666666666667,0.09633333333333334,0.0027,0.01,0.16610925306577481,0.24937343358395989,type II pneumocyte,0.5664657753575881
44,11.898684851094323,12.029832323758928,99.34918975830078,25868.18359375,0.7750681542687605,0.9994183790199984,0.3036060488561458,0.5312136487010469,0.32128732066692517,0.6424970918960837,0.2058937572702598,0.0015509887553315238,0.02908103916246607,0.014734393175649476,0.062389106663915825,0.04552175749894381,vein endothelial cell,0.5664657753575881
45,11.493347536404928,11.651551312698755,99.93684387207031,11437.3046875,0.7630696070796905,0.9988333317453681,0.359,0.277,1.5222,0.9403333333333334,0.20633333333333334,0.0,0.03383333333333333,0.010666666666666666,0.036080719669341114,0.0377976453925821,"CD8-positive, alpha-beta T cell",0.5664657753575881
46,12.822087727487087,12.939453113483932,116.11782836914062,18682.76171875,0.933364976803295,1.0,0.5,0.1484375,0.6078125000000001,0.53125,0.0390625,0.0,0.00390625,0.015625,0.0022148394241417496,0.003816793893129771,T cell,0.5664657753575881
47,12.405050053426878,12.532666503726482,102.46819305419922,42746.921875,0.9068085189756854,1.0,0.18972332015810275,0.8023715415019763,0.0691699604743083,0.2727272727272727,0.019762845849802372,0.0,0.0019762845849802375,0.015810276679841896,0.12180110139293812,0.15079365079365079,acinar cell,0.5664657753575881
48,11.299871003786704,11.451283541037839,96.15701293945312,35493.94140625,0.7517430279738289,0.9996666666296297,0.19166666666666668,0.797,0.11986666666666668,0.38533333333333336,0.014,0.09166666666666666,0.0016666666666666668,0.004333333333333333,0.3269927536231884,0.24670719351570414,alveolar macrophage,0.5664657753575881
49,13.468159098673263,13.706794538778448,128.93850708007812,54565.828125,0.8670735838369734,0.9986251119748211,0.1851512373968836,0.7378551787351054,0.11979835013748855,0.4225481209899175,0.03391384051329056,0.00458295142071494,0.004216315307057745,0.011915673693858845,0.05420120266536649,0.030900781365177647,alveolar type 1 fibroblast cell,0.5664657753575881
50,11.470656519115211,11.629290641607426,96.0146713256836,66015.359375,0.690730399821309,0.9990118567426619,0.19367588932806323,0.7445652173913043,0.13878458498023716,0.2974308300395257,0.025691699604743084,0.01432806324110672,0.004051383399209486,0.01432806324110672,0.07507443227149779,0.07013509629203794,alveolar type 2 fibroblast cell,0.5664657753575881
51,14.034821121386313,14.207764749096407,135.77120971679688,60067.6640625,0.9185974486235584,0.9986033492309643,0.16201117318435754,0.8770949720670391,0.046927374301675984,0.1424581005586592,0.15921787709497207,0.008379888268156424,0.015921787709497207,0.0111731843575419,0.02055137844611529,0.034855769230769225,bronchial goblet cell,0.5664657753575881
52,13.397294876792218,13.673780789114033,124.06775665283203,51343.54296875,0.8719926114061417,0.9969696691429674,0.38181818181818183,0.48787878787878786,0.5278787878787878,0.7727272727272727,0.03636363636363636,0.0030303030303030303,0.005454545454545455,0.03333333333333333,0.0047376093294460644,0.02249134948096886,bronchus fibroblast of lung,0.5664657753575881
53,13.899150748001905,14.192818366335953,141.7339324951172,13824.0947265625,0.8798946444249341,1.0,0.18421052631578946,0.868421052631579,0.06842105263157895,0.3684210526315789,0.05263157894736842,0.05263157894736842,0.007894736842105263,0.07894736842105263,0.2885572139303483,0.0,brush cell of trachebronchial tree,0.5664657753575881
54,11.989350470066071,12.11039186354483,96.66844940185547,28574.8046875,0.8456798336953596,0.9993333330370369,0.3626666666666667,0.5906666666666667,0.5812666666666667,0.6023333333333334,0.14833333333333334,0.0,0.019333333333333334,0.009666666666666667,0.0608748236242693,0.04651527835914609,capillary endothelial cell,0.5664657753575881
55,12.872633435726147,13.090917273056068,115.168701171875,66526.6015625,0.6557854304521686,0.998666664296292,0.4866666666666667,0.6816666666666666,0.5801666666666667,0.687,0.049,0.016666666666666666,0.0061666666666666675,0.019666666666666666,0.05667561006771433,0.07657657657657657,ciliated columnar cell of tracheobronchial tree,0.5664657753575881
56,11.786092719554933,11.860448253345412,99.81974029541016,22990.76171875,0.8626391096979331,0.9993333330370369,0.24533333333333332,0.617,0.29383333333333334,0.5113333333333333,0.04533333333333334,0.005333333333333333,0.005533333333333334,0.008,0.07213498345611757,0.07664473684210527,classical monocyte,0.5664657753575881
57,12.472051417350777,12.690540519758171,102.77128601074219,28050.4921875,0.7968573224387179,0.9993333332592593,0.2856666666666667,0.6973333333333334,0.2945333333333333,0.5406666666666666,0.017,0.04766666666666667,0.0025000000000000005,0.007666666666666666,0.05608329395662588,0.05088814210273643,club cell,0.5664657753575881
58,12.12411293741,12.23861057198501,111.3048324584961,19486.046875,0.854162122864413,1.0,0.4067796610169492,0.7796610169491526,0.26949152542372884,0.9491525423728814,0.11864406779661017,0.0,0.011864406779661017,0.03389830508474576,0.2293577981651376,0.0,conventional dendritic cell,0.5664657753575881
59,12.378567157253142,12.48671831421849,116.14474487304688,18237.658203125,0.8608672694871626,1.0,0.5967741935483871,0.6774193548387096,0.5080645161290324,0.8225806451612904,0.016129032258064516,0.0,0.0016129032258064516,0.016129032258064516,0.0860759493670886,0.020202020202020204,dendritic cell,0.5664657753575881
60,11.441588616847982,11.522019714599908,96.2764892578125,26372.83203125,0.8690880867907629,1.0,0.31333333333333335,0.6446666666666667,0.23606666666666665,0.5703333333333334,0.002,0.002,0.0002,0.0016666666666666668,0.08410749834107498,0.0716833095577746,elicited macrophage,0.5664657753575881
61,12.19611834031401,12.329934336971057,108.99787139892578,22885.94921875,0.8116501280623665,0.9982476581705155,0.3119158878504673,0.5619158878504673,0.5519859813084113,0.75,0.3107476635514019,0.008177570093457943,0.03820093457943925,0.02102803738317757,0.05858982754857018,0.061051298290056996,endothelial cell of lymphatic vessel,0.5664657753575881
62,12.003861245512958,12.106318049813174,100.9630126953125,34502.828125,0.8644334975369459,1.0,0.334375,0.659375,0.23031250000000003,0.696875,0.015625,0.071875,0.0025000000000000005,0.021875,0.07010309278350516,0.11904761904761904,epithelial cell of alveolus of lung,0.5664657753575881
63,13.943501223314984,14.048671392744671,147.16647338867188,52905.0546875,0.8501955371520589,0.998310805990932,0.13513513513513514,0.8220720720720721,0.08738738738738738,0.3547297297297297,0.061936936936936936,0.04054054054054054,0.0076576576576576575,0.02027027027027027,0.0638888888888889,0.0676602086438152,epithelial cell of lower respiratory tract,0.5664657753575881
64,13.631175279617308,13.781906601636859,134.15838623046875,66465.1796875,0.8467358931015052,1.0,0.26785714285714285,1.0,0.07678571428571429,0.19642857142857142,0.0,0.08928571428571429,0.0,0.0,0.05472636815920398,0.05,fibroblast,0.5664657753575881
65,11.526910240585739,11.63927725805379,94.89929962158203,9346.208984375,0.8104261548471048,0.9954954040947182,0.5135135135135135,0.7387387387387387,0.38558558558558564,0.8378378378378378,0.35135135135135137,0.009009009009009009,0.03783783783783784,0.036036036036036036,0.16874999999999998,0.12053571428571427,ionocyte,0.5664657753575881
66,11.621835402631554,11.691354383240839,93.05750274658203,24584.3203125,0.864369970192304,1.0,0.3006072874493927,0.618421052631579,0.3539473684210526,0.6568825910931174,0.0010121457489878543,0.004048582995951417,0.00010121457489878543,0.0010121457489878543,0.04085520745131245,0.04949193066347878,lung macrophage,0.5664657753575881
67,11.450746841430664,11.593336203868907,103.513427734375,11858.5693359375,0.8585858585858586,1.0,0.64,0.96,0.17600000000000002,0.28,0.0,0.0,0.0,0.0,0.20930232558139533,0.08080808080808081,lung neuroendocrine cell,0.5664657753575881
68,12.142161571711215,12.32497062559932,108.20285034179688,33661.98828125,0.8696263097015601,0.9991961409596553,0.39067524115755625,0.6286173633440515,0.38311897106109327,0.572347266881029,0.1382636655948553,0.0,0.018006430868167205,0.011254019292604502,0.0725516029863856,0.040445353328788916,lung pericyte,0.5664657753575881
69,12.078496206237617,12.229334893781665,110.16043853759766,19358.861328125,0.8555327943452073,0.9973644395245047,0.23493975903614459,0.49623493975903615,0.2783132530120482,0.7371987951807228,0.4307228915662651,0.0007530120481927711,0.07688253012048193,0.021837349397590362,0.08600858369098713,0.04221061792863359,mast cell,0.5664657753575881
70,14.107180892096626,14.25776118355491,134.17295837402344,39659.02734375,0.6889952153110048,0.9888875169774046,0.1111111111111111,0.9777777777777777,0.017777777777777778,0.08888888888888889,0.3333333333333333,0.1111111111111111,0.035555555555555556,0.044444444444444446,0.1142857142857143,0.08333333333333331,mesothelial cell,0.5664657753575881
71,14.98651058609421,15.138641399707707,184.23239135742188,49586.984375,0.9094395039569225,1.0,0.11711711711711711,0.9279279279279279,0.016216216216216217,0.07207207207207207,0.009009009009009009,0.0,0.0009009009009009009,0.009009009009009009,0.09322033898305085,0.04744525547445255,mucus secreting cell,0.5664657753575881
72,12.957089422090286,13.229870969423303,113.5224609375,65228.6015625,0.8280328120363472,0.999571550906783,0.5552699228791774,0.7069408740359897,0.2794344473007712,0.4464438731790917,0.03598971722365039,0.01456726649528706,0.004455869751499571,0.016281062553556127,0.05724770642201835,0.0718409236690186,multi-ciliated epithelial cell,0.5664657753575881
73,13.326970289681707,13.563774346120043,123.37369537353516,33252.01171875,0.8372670807453416,0.9961831505033287,0.19083969465648856,0.8320610687022901,0.1366412213740458,0.5572519083969466,0.06870229007633588,0.0,0.0076335877862595426,0.022900763358778626,0.026355421686746986,0.03089080459770115,myofibroblast cell,0.5664657753575881
74,13.30264042536421,13.55681257563505,114.75772857666016,45396.5625,0.8283264473163867,0.998666664296292,0.30833333333333335,0.553,0.4699,0.5223333333333333,0.15266666666666667,0.028666666666666667,0.020733333333333336,0.009,0.026872209586386996,0.05227518959913326,nasal mucosa goblet cell,0.5664657753575881
75,12.074559332211814,12.21943391740554,117.59090423583984,25831.09765625,0.8869660395745567,0.9998333333287037,0.223,0.439,0.3499666666666667,0.6953333333333334,0.041,0.0,0.004833333333333334,0.003,0.06133493686109441,0.02774978683822959,natural killer cell,0.5664657753575881
76,11.659708403306675,11.743133138084847,101.04086303710938,21047.109375,0.850731489270313,0.9994372536203244,0.35959482273494653,0.5272931907709623,0.39257175014068657,0.7529544175576814,0.010692177827799663,0.0005627462014631402,0.0011254924029262803,0.0022509848058525606,0.09355200753050215,0.059247524752475245,non-classical monocyte,0.5664657753575881
77,12.490430858018419,12.677898914947555,128.9842987060547,5754.953125,0.7956384431546603,0.9942361197624683,0.18155619596541786,0.6743515850144092,0.10201729106628242,0.3976945244956772,0.2881844380403458,0.0,0.06858789625360232,0.037463976945244955,0.17057851239669422,0.010389610389610391,plasma cell,0.5664657753575881
78,11.454216077075744,11.546376235637915,101.91577911376953,6926.69482421875,0.8739816574403041,1.0,0.5203252032520326,0.6178861788617886,0.5162601626016261,0.8536585365853658,0.008130081300813009,0.008130081300813009,0.0008130081300813009,0.008130081300813009,0.10362694300518135,0.005291005291005291,plasmacytoid dendritic cell,0.5664657753575881
79,12.145774064375741,12.285555668670638,99.52547454833984,27662.650390625,0.8410072321016522,0.9993045893716302,0.34492350486787204,0.6133518776077886,0.48859527121001395,0.631432545201669,0.10292072322670376,0.004867872044506259,0.012447844228094578,0.012517385257301807,0.04913972888425443,0.04686192468619247,pulmonary artery endothelial cell,0.5664657753575881
80,12.495270020802813,12.672341922334224,116.0461196899414,27188.8125,0.6667799480683174,0.9996666666296297,0.30466666666666664,0.7223333333333334,0.20830000000000004,0.5536666666666666,0.013,0.01,0.0015666666666666667,0.006333333333333333,0.15981259760541386,0.11753797244789826,respiratory basal cell,0.5664657753575881
81,12.690464701475923,12.838925030975595,112.21624755859375,38061.15625,0.8623041883736987,0.9989417977568351,0.31746031746031744,0.5724867724867725,0.13470899470899472,0.23703703703703705,0.025396825396825397,0.010582010582010581,0.0025396825396825397,0.0021164021164021165,0.02313060817547358,0.005015673981191223,respiratory hillock cell,0.5664657753575881
82,14.27174115009444,14.397239598447468,184.21669006347656,70743.4921875,0.9020206766917294,0.9982014330308765,0.02158273381294964,0.9748201438848921,0.020143884892086333,0.15467625899280577,0.06115107913669065,0.0,0.006115107913669066,0.0035971223021582736,0.18337129840546695,0.04810126582278481,serous secreting cell,0.5664657753575881
83,12.88984488618785,13.187609107745518,123.85047912597656,46263.515625,0.814498933901919,1.0,0.2672413793103448,0.896551724137931,0.12413793103448277,0.2672413793103448,0.0,0.0,0.0,0.0,0.07492063492063492,0.029914529914529916,smooth muscle cell,0.5664657753575881
84,13.268020459583825,13.451343910265939,134.8017578125,37159.86328125,0.8541666666666667,1.0,0.16071428571428573,0.7678571428571429,0.03571428571428572,0.25,0.08928571428571429,0.0,0.00892857142857143,0.017857142857142856,0.053830227743271224,0.0,stromal cell,0.5664657753575881
85,17.756165840775488,17.901363235585396,259.0210876464844,104096.578125,0.8827333884102442,0.9951689693801344,0.014492753623188406,0.9806763285024155,0.001932367149758454,0.014492753623188406,0.10628019323671498,0.178743961352657,0.021739130434782608,0.014492753623188406,0.0021265284423179157,0.0,tracheobronchial goblet cell,0.5664657753575881
86,15.341940747724989,15.51604183124366,203.8634033203125,81474.390625,0.8700058941139761,0.998310805990932,0.08445945945945946,0.9087837837837838,0.033783783783783786,0.17229729729729729,0.2905405405405405,0.0033783783783783786,0.04121621621621622,0.033783783783783786,0.11623246492985971,0.08143547273982056,tracheobronchial serous cell,0.5664657753575881
87,12.871434891996945,13.172795894684956,116.74026489257812,35465.96875,0.8313852260949478,0.9974402562655844,0.23378839590443687,0.6331058020477816,0.2114334470989761,0.4812286689419795,0.10238907849829351,0.0034129692832764505,0.017064846416382253,0.040955631399317405,0.0320973348783314,0.03834765302655211,tracheobronchial smooth muscle cell,0.5664657753575881
88,12.518039590786701,12.64941318658295,117.69267272949219,32709.83984375,0.8743118949150095,0.9975015459282104,0.40724547158026236,0.42223610243597753,0.6399750156152405,0.68894440974391,0.09306683322923173,0.003123048094940662,0.019175515302935667,0.02873204247345409,0.03610825121341373,0.04086122898004086,type I pneumocyte,0.5664657753575881
89,11.340099106152843,11.455716303665605,101.46276092529297,44854.578125,0.6627286904839665,0.9998333333287037,0.25133333333333335,0.746,0.2624666666666667,0.63,0.027666666666666666,0.06566666666666666,0.0038,0.011666666666666667,0.19969954932398598,0.2496244366549825,type II pneumocyte,0.5664657753575881
90,11.937444199143846,12.067466937971282,98.91314697265625,25884.48046875,0.768680691454664,0.9992245051559583,0.3020550601008143,0.5226832105467235,0.3258627374951532,0.6219464908879411,0.19387359441644048,0.0031019775106630476,0.027840248158200853,0.015122140364482357,0.07147761932897909,0.041519045521573435,vein endothelial cell,0.5664657753575881
91,11.38817255465194,11.528487504688636,97.91883850097656,11285.486328125,0.7637900421874151,0.9989999989999989,0.38266666666666665,0.293,1.5275,0.9433333333333334,0.21633333333333332,0.0,0.034300000000000004,0.009666666666666667,0.03360346088228126,0.03849177921828316,"CD8-positive, alpha-beta T cell",0.5664657753575881
92,12.873857155442238,13.00699979975464,121.09239196777344,19381.3828125,0.9054187192118226,0.9960936903944457,0.46875,0.203125,0.45234375000000004,0.5078125,0.0546875,0.0,0.00625,0.03125,0.0,0.002797202797202797,T cell,0.5664657753575881
93,12.262834884432465,12.380443482541095,103.54694366455078,43392.2109375,0.8847253645047763,1.0,0.17786561264822134,0.8379446640316206,0.05375494071146245,0.2766798418972332,0.015810276679841896,0.003952569169960474,0.0015810276679841897,0.011857707509881422,0.08499999999999999,0.17903930131004367,acinar cell,0.5664657753575881
94,11.26073177480696,11.4041179169707,95.1353988647461,34917.3046875,0.7585455386886759,0.9996666666296297,0.19833333333333333,0.795,0.0942,0.341,0.012,0.013333333333333334,0.0014666666666666667,0.0026666666666666666,0.2452445652173913,0.24683544303797467,alveolar macrophage,0.5664657753575881
95,13.397508066144153,13.647233092258181,128.77586364746094,55238.40234375,0.8600415972056838,0.9986251119748211,0.16315307057745188,0.7396883593033914,0.14472960586617784,0.4216315307057745,0.044912923923006415,0.0018331805682859762,0.005866177818515124,0.016498625114573784,0.04380282559072121,0.03319044703000612,alveolar type 1 fibroblast cell,0.5664657753575881
96,11.497381281240173,11.65629343060863,96.09711456298828,66311.046875,0.6864010129248306,0.9992588928735874,0.1783596837944664,0.7682806324110671,0.10479249011857708,0.30434782608695654,0.021739130434782608,0.009387351778656126,0.0032608695652173916,0.010375494071146246,0.06961933709654074,0.08195211786372007,alveolar type 2 fibroblast cell,0.5664657753575881
97,14.007902899267961,14.183816838165413,135.61805725097656,59469.73046875,0.9172994888480385,0.9986033492309643,0.18994413407821228,0.8854748603351955,0.05614525139664805,0.164804469273743,0.15363128491620112,0.0446927374301676,0.01564245810055866,0.01675977653631285,0.018734177215189874,0.02536585365853659,bronchial goblet cell,0.5664657753575881
98,13.251408149256852,13.449917422831078,122.29629516601562,51726.1796875,0.9211860670194003,0.9969696691429674,0.39090909090909093,0.5151515151515151,0.3784848484848485,0.7848484848484848,0.03636363636363636,0.006060606060606061,0.0048484848484848485,0.01818181818181818,0.003195617438940881,0.020222793487574983,bronchus fibroblast of lung,0.5664657753575881
99,13.527724140568782,13.76708375008834,141.80145263671875,13557.224609375,0.8521662245800177,1.0,0.15789473684210525,0.9210526315789473,0.028947368421052635,0.2631578947368421,0.05263157894736842,0.0,0.005263157894736842,0.02631578947368421,0.2323943661971831,0.0,brush cell of trachebronchial tree,0.5664657753575881
100,11.913934366067249,12.032634710618154,95.87083435058594,28680.703125,0.8414011243866728,0.9993333330370369,0.38133333333333336,0.573,0.6630666666666667,0.6486666666666666,0.144,0.0026666666666666666,0.019000000000000003,0.010666666666666666,0.062488812871661255,0.04825010233319689,capillary endothelial cell,0.5664657753575881
101,13.005394986311597,13.226834327339485,120.91800689697266,68859.1328125,0.6551298254240603,0.9984999966249923,0.47533333333333333,0.6516666666666666,0.6614333333333334,0.6653333333333333,0.041666666666666664,0.013333333333333334,0.006833333333333334,0.023666666666666666,0.05671965779224925,0.06551164049810503,ciliated columnar cell of tracheobronchial tree,0.5664657753575881
102,11.824171634991966,11.902008018546955,100.07643127441406,22994.99609375,0.8547726068114905,0.9996666666296297,0.24333333333333335,0.5983333333333334,0.2859,0.5513333333333333,0.048666666666666664,0.005666666666666667,0.005733333333333333,0.007666666666666666,0.07944544906570224,0.055178863689501985,classical monocyte,0.5664657753575881
103,12.463739728132907,12.68163903108587,102.37298583984375,27413.81640625,0.8041399397550512,0.9993333330370369,0.28,0.6743333333333333,0.3420666666666667,0.5773333333333334,0.022333333333333334,0.014,0.0025000000000000005,0.008333333333333333,0.05535309760661874,0.05135787436672393,club cell,0.5664657753575881
104,11.618979405548615,11.695352481023791,101.28514862060547,19899.99609375,0.9406737053795877,1.0,0.5084745762711864,0.6610169491525424,0.3864406779661017,0.9661016949152542,0.0847457627118644,0.0,0.01694915254237288,0.06779661016949153,0.3123123123123123,0.011111111111111112,conventional dendritic cell,0.5664657753575881
105,12.518126826132498,12.633919989869367,116.26355743408203,17381.904296875,0.8450713487209838,1.0,0.5967741935483871,0.6774193548387096,0.47580645161290325,0.8548387096774194,0.03225806451612903,0.0,0.0032258064516129032,0.03225806451612903,0.08205128205128205,0.021321961620469086,dendritic cell,0.5664657753575881
106,11.465793525695808,11.545393665045793,96.90072631835938,26399.8515625,0.8708167176297127,1.0,0.311,0.6496666666666666,0.24616666666666664,0.562,0.0016666666666666668,0.002,0.0001666666666666667,0.0013333333333333333,0.09395973154362415,0.08036142104182353,elicited macrophage,0.5664657753575881
107,12.261292944444671,12.376705737419234,111.2011489868164,24043.484375,0.7959790424152748,0.9976635386471453,0.2628504672897196,0.6074766355140186,0.3768691588785047,0.7021028037383178,0.3060747663551402,0.0011682242990654205,0.03983644859813085,0.01985981308411215,0.07311475409836066,0.057492113564668774,endothelial cell of lymphatic vessel,0.5664657753575881
108,11.94643829315901,12.061862404926078,101.90570831298828,33978.359375,0.8809139074144803,1.0,0.396875,0.675,0.2934375,0.75,0.021875,0.03125,0.0025000000000000005,0.009375,0.0314207650273224,0.0738037307380373,epithelial cell of alveolus of lung,0.5664657753575881
109,13.883737621006667,13.993948977372154,144.2858428955078,51163.85546875,0.8270880815230367,0.9971846623703178,0.14527027027027026,0.8141891891891891,0.07274774774774775,0.28153153153153154,0.0686936936936937,0.04954954954954955,0.009121621621621622,0.02702702702702703,0.08696976620211713,0.06362305337415147,epithelial cell of lower respiratory tract,0.5664657753575881
110,14.348268917628694,14.606899621199465,149.08139038085938,67662.171875,0.8827980359011511,1.0,0.25,1.0,0.058928571428571434,0.21428571428571427,0.0,0.0,0.0,0.0,0.02419354838709677,0.0234192037470726,fibroblast,0.5664657753575881
111,11.492643064206783,11.613015239665232,97.8501968383789,9099.568359375,0.7969635997805011,0.9954954040947182,0.4954954954954955,0.6666666666666666,0.3846846846846847,0.8918918918918919,0.45045045045045046,0.0,0.04594594594594595,0.02702702702702703,0.14261168384879727,0.11879699248120301,ionocyte,0.5664657753575881
112,11.662838428609282,11.733645429243703,94.5677490234375,25213.76171875,0.8654025341769451,1.0,0.29554655870445345,0.6265182186234818,0.27348178137651824,0.6002024291497976,0.004048582995951417,0.004048582995951417,0.0006072874493927126,0.005060728744939271,0.039965986394557826,0.03213083213083213,lung macrophage,0.5664657753575881
113,11.974364776611328,12.095372915271055,116.4537353515625,14385.673828125,0.96,1.0,0.68,0.96,0.16000000000000003,0.28,0.0,0.0,0.0,0.0,0.20930232558139533,0.10937500000000001,lung neuroendocrine cell,0.5664657753575881
114,12.261810323433094,12.426934795217601,111.6462631225586,34474.03125,0.8842252210330386,0.9991961409596553,0.3971061093247588,0.6077170418006431,0.3827974276527331,0.5852090032154341,0.13987138263665594,0.0,0.015755627009646302,0.00964630225080386,0.04817193675889328,0.04375653082549634,lung pericyte,0.5664657753575881
115,12.201300461608263,12.352196287392,113.71467590332031,19783.005859375,0.8522614486638477,0.9977409523269496,0.20783132530120482,0.5143072289156626,0.3435993975903615,0.7469879518072289,0.41792168674698793,0.0,0.07289156626506024,0.01882530120481928,0.06486196730099168,0.043436765287832586,mast cell,0.5664657753575881
116,14.240208286709253,14.400212936239848,140.95526123046875,39730.8515625,0.8164201937786844,0.9888875169774046,0.1111111111111111,0.9555555555555556,0.013333333333333334,0.06666666666666667,0.24444444444444444,0.0,0.024444444444444446,0.022222222222222223,0.09937888198757765,0.10714285714285712,mesothelial cell,0.5664657753575881
117,15.073124670767571,15.253130412188225,186.40280151367188,49230.12890625,0.8956319113709299,1.0,0.10810810810810811,0.954954954954955,0.02072072072072072,0.0990990990990991,0.0,0.0,0.0,0.0,0.07314285714285715,0.04255319148936171,mucus secreting cell,0.5664657753575881
118,12.807157523425701,13.072633739671065,111.62747192382812,63878.0859375,0.8226348153110692,0.999143101341667,0.570694087403599,0.6872322193658955,0.31473864610111396,0.45672664952870606,0.03427592116538132,0.016281062553556127,0.005826906598114825,0.024850042844901457,0.049038570940948906,0.05469422911283376,multi-ciliated epithelial cell,0.5664657753575881
119,13.324706419733642,13.586060021477369,124.80772399902344,36692.59765625,0.8923708920187794,0.9961831505033287,0.21374045801526717,0.8396946564885496,0.1450381679389313,0.4961832061068702,0.07633587786259542,0.0,0.0076335877862595426,0.015267175572519083,0.032121724429416736,0.031782945736434115,myofibroblast cell,0.5664657753575881
120,13.319766462485022,13.571001682675966,118.35337829589844,46678.9296875,0.8115188974822928,0.9983333303703652,0.28933333333333333,0.5983333333333334,0.40303333333333335,0.5336666666666666,0.15066666666666667,0.029333333333333333,0.0213,0.008,0.02784014369106421,0.05180360210207657,nasal mucosa goblet cell,0.5664657753575881
121,12.112040135701518,12.255475790395005,118.99861145019531,26002.0625,0.8719073684032156,0.9998333333287037,0.24,0.45566666666666666,0.2941,0.6573333333333333,0.044,0.0003333333333333333,0.004866666666666667,0.003,0.06561573699811371,0.023635466654706914,natural killer cell,0.5664657753575881
122,11.646843865136455,11.722990137557124,100.6912841796875,21041.71484375,0.8649119922915453,0.9997186268769919,0.37366347777152503,0.5132245357343838,0.4041080472706809,0.727068092290377,0.014631401238041642,0.0016882386043894203,0.0014631401238041643,0.0033764772087788407,0.10566926575698504,0.09762567979838176,non-classical monocyte,0.5664657753575881
123,12.339192154084575,12.529852847928202,125.30721282958984,5593.966796875,0.7824159089891163,0.9956771526513255,0.18155619596541786,0.6253602305475504,0.22651296829971185,0.5821325648414986,0.3227665706051873,0.0,0.07636887608069165,0.04899135446685879,0.12102515424774561,0.009894187165040539,plasma cell,0.5664657753575881
124,11.340345568773225,11.417051695808379,98.88695526123047,6897.8037109375,0.8451600079507056,1.0,0.5447154471544715,0.5934959349593496,0.5910569105691057,0.943089430894309,0.024390243902439025,0.008130081300813009,0.002439024390243903,0.016260162601626018,0.1463917525773196,0.006802721088435374,plasmacytoid dendritic cell,0.5664657753575881
125,12.21796511841087,12.353442295974578,100.87952423095703,27797.08984375,0.841626882471666,0.9989568834268869,0.37273991655076494,0.5778859527121002,0.5244089012517386,0.6585535465924895,0.08414464534075104,0.0027816411682892906,0.011891515994436719,0.011126564673157162,0.04672772244133966,0.05236486486486487,pulmonary artery endothelial cell,0.5664657753575881
126,12.594752640724192,12.779071195080151,117.2928695678711,27571.40625,0.6623406408455607,0.9998333333287037,0.298,0.7183333333333334,0.23093333333333335,0.6363333333333333,0.016666666666666666,0.008,0.002033333333333333,0.008666666666666666,0.10660191929702856,0.11795774647887323,respiratory basal cell,0.5664657753575881
127,12.753437393935272,12.897691091395737,113.04743194580078,39317.7890625,0.8639745160499879,0.9989417977568351,0.30264550264550266,0.5989417989417989,0.10825396825396826,0.23915343915343915,0.02857142857142857,0.0031746031746031746,0.0029629629629629632,0.004232804232804233,0.026850937808489635,0.005015673981191223,respiratory hillock cell,0.5664657753575881
128,14.26603015721273,14.386418097414875,183.8513641357422,70185.8671875,0.9020206766917294,0.9982014330308765,0.01079136690647482,0.9568345323741008,0.0010791366906474822,0.01079136690647482,0.046762589928057555,0.0,0.005035971223021583,0.007194244604316547,0.14259259259259258,0.05161290322580646,serous secreting cell,0.5664657753575881
129,12.449005381814368,12.692380049252197,112.0831069946289,42213.8359375,0.8739673678886537,1.0,0.3103448275862069,0.8706896551724138,0.17413793103448277,0.2413793103448276,0.0,0.0,0.0,0.0,0.03643724696356276,0.02364066193853428,smooth muscle cell,0.5664657753575881
130,13.375558052744182,13.535701582033113,136.53285217285156,37338.02734375,0.7650809631680511,1.0,0.19642857142857142,0.8214285714285714,0.030357142857142857,0.17857142857142858,0.07142857142857142,0.0,0.007142857142857143,0.017857142857142856,0.04411764705882353,0.0,stromal cell,0.5664657753575881
131,17.613619965631603,17.74388454198581,255.8816680908203,100869.1015625,0.8976887591790623,0.9951689693801344,0.028985507246376812,1.0,0.0033816425120772944,0.014492753623188406,0.10144927536231885,0.0,0.016908212560386476,0.00966183574879227,0.000874125874125874,0.0,tracheobronchial goblet cell,0.5664657753575881
132,15.226550620955393,15.400684391793343,203.96656799316406,82197.546875,0.8699051584547768,0.998310805990932,0.0777027027027027,0.9087837837837838,0.016891891891891893,0.11486486486486487,0.21621621621621623,0.0,0.032432432432432434,0.030405405405405407,0.16177062374245474,0.12206572769953053,tracheobronchial serous cell,0.5664657753575881
133,13.049880748722742,13.33904681510337,120.8724365234375,37045.71875,0.8349760630808223,0.9982935103889108,0.20136518771331058,0.5989761092150171,0.224061433447099,0.5546075085324232,0.10068259385665529,0.0034129692832764505,0.017235494880546078,0.051194539249146756,0.03766889586461035,0.032885674931129476,tracheobronchial smooth muscle cell,0.5664657753575881
134,12.539317452706532,12.65816788718799,118.29088592529297,32723.4921875,0.8804830008714237,0.9984384721449667,0.3985009369144285,0.4497189256714553,0.5500936914428483,0.6983135540287321,0.09681449094316052,0.004372267332916927,0.013803872579637728,0.016239850093691444,0.04788598574821853,0.04967136150234742,type I pneumocyte,0.5664657753575881
135,11.31050933202108,11.424411775400518,100.63715362548828,44495.26171875,0.6885549706289551,0.9996666666666667,0.25966666666666666,0.7056666666666667,0.3612666666666667,0.7163333333333334,0.03133333333333333,0.29433333333333334,0.0041333333333333335,0.013333333333333334,0.16633266533066132,0.24966622162883845,type II pneumocyte,0.5664657753575881
136,11.919900813182226,12.047921699282437,98.91451263427734,25629.53125,0.7691507929681809,0.9994183790199984,0.2958511050794882,0.5261729352462194,0.3364482357502908,0.609150833656456,0.19232260566110895,0.00038774718883288094,0.027336176812718112,0.017060876308646764,0.06664105443584137,0.05052854122621565,vein endothelial cell,0.5664657753575881
