,1-Wasserstein_PCA,2-Wasserstein_PCA,Linear_MMD_PCA,Poly_MMD_PCA,KNN identity,KNN identity PCA,precision,recall,density,coverage,precision_PCA,recall_PCA,density_PCA,coverage_PCA,KNN category,KNN category PCA,ct,global_f1
0,20.256425579891925,21.228207719048346,243.42727661132812,50448.1171875,0.3333333333333333,1.0,0.0,0.0,0.0,0.0,0.2911392405063291,0.0,0.029113924050632914,0.012658227848101266,0.0,0.09917355371900825,CD56 (bright) NK cells,0.020338152413624112
1,19.59545875824604,20.50951520530258,260.9408264160156,45146.26171875,0.3333333333333333,1.0,0.0,0.0,0.0,0.0,0.6391752577319587,0.0,0.06391752577319587,0.010309278350515464,0.0,0.016643550624133148,CD56 (dim) NK cells,0.020338152413624112
2,20.904927480788455,22.467957268730956,203.80349731445312,23975.46484375,0.3333333333333333,1.0,0.0,0.0,0.0,0.0,0.9523809523809523,0.0,0.34761904761904766,0.23809523809523808,0.0,0.0,MAIT T cells,0.020338152413624112
3,20.258078869574707,20.993013785764177,208.1981964111328,118194.40625,0.3333333333333333,1.0,0.0,0.0,0.0,0.0,0.587431693989071,0.0,0.07595628415300547,0.00819672131147541,0.0,0.13394153016794527,classical monocytes,0.020338152413624112
4,25.660508939198074,27.77231729527432,306.1103515625,287572.375,0.3333333333333333,1.0,0.0,0.0,0.0,0.0,0.6785714285714286,0.0,0.17261904761904764,0.10714285714285714,0.0,0.0,effector CD8 T cells,0.020338152413624112
5,20.256089501033564,21.077135728977883,189.84686279296875,98343.5703125,0.3333333333333333,1.0,0.0,0.0,0.0,0.0,0.7880794701986755,0.0,0.09735099337748344,0.026490066225165563,0.0,0.07995495495495496,intermediate monocytes,0.020338152413624112
6,19.34021505628314,20.267330773546323,206.5186309814453,139772.0625,0.3333333333333333,1.0,0.0,0.0,0.0,0.0,0.0380952380952381,0.0,0.00380952380952381,0.01904761904761905,0.0,0.18350515463917524,memory B cells,0.020338152413624112
7,19.306228040212613,20.43666759448823,177.37628173828125,40936.36328125,0.3333333333333333,1.0,0.0,0.0,0.0,0.0,0.0,0.0,0.0,0.0,1.0,0.1797678275290216,memory CD4 T cells,0.020338152413624112
8,20.233123857147838,21.07829746116862,46.240970611572266,132821.90625,0.3333333333333333,0.9795833333333333,0.2653061224489796,0.0,0.2571428571428572,0.7551020408163265,1.0,0.0,0.47346938775510206,0.5102040816326531,0.0,0.11842105263157894,myeloid DC,0.020338152413624112
9,18.011907126686783,18.715611938940803,180.11622619628906,81339.109375,0.3333333333333333,1.0,0.0,0.0,0.0,0.0,0.23636363636363636,0.0,0.02727272727272727,0.03636363636363636,0.0,0.0,naive B cells,0.020338152413624112
10,18.78830505439214,20.14111772890197,186.53878784179688,49811.33203125,0.3333333333333333,1.0,0.0,0.0,0.0,0.0,0.08571428571428572,0.0,0.008571428571428572,0.007142857142857143,0.0,0.1548757170172084,naive CD4 T cells,0.020338152413624112
11,18.80045976136861,19.983048018342465,173.6216583251953,51108.0625,0.3333333333333333,1.0,0.0,0.0,0.0,0.0,0.0,0.0,0.0,0.0,0.0,0.18925476603119584,naive CD8 T cells,0.020338152413624112
12,18.89867413043976,19.751184289167604,228.55032348632812,100858.40625,0.3333333333333333,1.0,0.015625,0.0,0.003125,0.03125,0.40625,0.0,0.046875,0.0625,0.0,0.11481975967957277,non-classical monocytes,0.020338152413624112
13,19.727580637871473,20.494983771907325,224.07765197753906,50290.046875,0.3333333333333333,1.0,0.0,0.0,0.0,0.0,0.3291139240506329,0.0,0.03291139240506329,0.012658227848101266,0.0,0.11471861471861473,CD56 (bright) NK cells,0.020338152413624112
14,19.49018408588527,20.56927387265521,265.962646484375,50549.60546875,0.3333333333333333,1.0,0.0,0.0,0.0,0.0,0.5257731958762887,0.0,0.052577319587628873,0.010309278350515464,0.0,0.01584158415841584,CD56 (dim) NK cells,0.020338152413624112
15,21.902664184570312,23.064964242530436,260.9805603027344,27562.646484375,0.3333333333333333,1.0,0.0,0.0,0.0,0.0,0.9523809523809523,0.0,0.30952380952380953,0.23809523809523808,0.0,0.0,MAIT T cells,0.020338152413624112
16,20.445451478489108,21.17818743421748,229.15203857421875,137338.171875,0.3333333333333333,1.0,0.0,0.0,0.0,0.0,0.6584699453551912,0.0,0.08032786885245902,0.00819672131147541,0.0,0.15418502202643172,classical monocytes,0.020338152413624112
17,25.561466659818365,27.567702154753757,301.5091247558594,286697.6875,0.3333333333333333,1.0,0.0,0.0,0.0,0.0,0.7142857142857143,0.0,0.16547619047619047,0.11904761904761904,0.0,0.0,effector CD8 T cells,0.020338152413624112
18,20.233136227588776,21.06163033152105,210.41969299316406,108740.15625,0.3333333333333333,1.0,0.0,0.0,0.0,0.0,0.7086092715231788,0.0,0.07880794701986756,0.026490066225165563,0.0,0.10762331838565022,intermediate monocytes,0.020338152413624112
19,19.23498845781599,20.130160796767857,198.85203552246094,136332.5625,0.3333333333333333,1.0,0.0,0.0,0.0,0.0,0.009523809523809525,0.0,0.0009523809523809525,0.009523809523809525,0.0,0.1801047120418848,memory B cells,0.020338152413624112
20,19.335513023008783,20.45417844235327,178.10800170898438,41209.30859375,0.3333333333333333,1.0,0.0,0.0,0.0,0.0,0.0030120481927710845,0.0,0.00030120481927710846,0.0030120481927710845,1.0,0.18300653594771243,memory CD4 T cells,0.020338152413624112
21,19.869439339151185,20.815816304707383,55.70058059692383,148761.53125,0.3333333333333333,0.9795833333333333,0.14285714285714285,0.0,0.15510204081632653,0.9591836734693877,1.0,0.0,0.5265306122448979,0.42857142857142855,0.0,0.13654618473895583,myeloid DC,0.020338152413624112
22,18.05895690917968,18.78890777022379,186.41949462890625,81364.6796875,0.3333333333333333,1.0,0.0,0.0,0.0,0.0,0.2727272727272727,0.0,0.034545454545454546,0.03636363636363636,0.0,0.0,naive B cells,0.020338152413624112
23,18.804037659508836,20.183041062165838,186.31719970703125,49418.390625,0.3333333333333333,1.0,0.0,0.0,0.0,0.0,0.07857142857142857,0.0,0.00892857142857143,0.010714285714285714,0.0,0.1528046421663443,naive CD4 T cells,0.020338152413624112
24,18.732973230512524,19.957444768944015,170.19461059570312,50200.6171875,0.3333333333333333,1.0,0.0,0.0,0.0,0.0,0.0,0.0,0.0,0.0,0.0,0.1917808219178082,naive CD8 T cells,0.020338152413624112
25,18.952246963977814,19.811077524137573,244.22378540039062,110797.671875,0.3333333333333333,1.0,0.0,0.0,0.0,0.0,0.359375,0.0,0.040625,0.046875,0.0,0.09912536443148688,non-classical monocytes,0.020338152413624112
26,19.669426749024208,20.495808289722813,222.5773162841797,49684.91015625,0.3333333333333333,1.0,0.0,0.0,0.0,0.0,0.31645569620253167,0.0,0.03164556962025317,0.012658227848101266,0.0,0.16417910447761191,CD56 (bright) NK cells,0.020338152413624112
27,19.332348518764856,20.250582292032444,249.2003936767578,45615.90234375,0.3333333333333333,1.0,0.0,0.0,0.0,0.0,0.5979381443298969,0.0,0.05979381443298969,0.010309278350515464,0.0,0.01633986928104575,CD56 (dim) NK cells,0.020338152413624112
28,21.598235311962306,23.356558413989486,254.8460235595703,29587.037109375,0.3333333333333333,1.0,0.0,0.0,0.0,0.0,0.9047619047619048,0.0,0.3238095238095238,0.23809523809523808,0.0,0.0,MAIT T cells,0.020338152413624112
29,20.46564435437729,21.181219828020925,223.40625,138202.484375,0.3333333333333333,1.0,0.0,0.0,0.0,0.0,0.6284153005464481,0.0,0.07978142076502732,0.00819672131147541,0.0,0.13102282333051565,classical monocytes,0.020338152413624112
30,25.54613449459983,27.54143867318611,303.4927673339844,288413.65625,0.3333333333333333,1.0,0.0,0.0,0.0,0.0,0.6904761904761905,0.0,0.1761904761904762,0.11904761904761904,0.0,0.0,effector CD8 T cells,0.020338152413624112
31,20.278275685594586,21.096755617456548,197.6336212158203,102239.6171875,0.3333333333333333,1.0,0.0,0.0,0.0,0.0,0.7086092715231788,0.0,0.08211920529801325,0.033112582781456956,0.0,0.08222222222222222,intermediate monocytes,0.020338152413624112
32,19.426552054995586,20.378323372273215,207.085205078125,139474.15625,0.3333333333333333,1.0,0.0,0.0,0.0,0.0,0.02857142857142857,0.0,0.002857142857142857,0.009523809523809525,0.0,0.22797927461139894,memory B cells,0.020338152413624112
33,19.30063141684935,20.418983589762508,176.72340393066406,40952.94921875,0.3333333333333333,1.0,0.0,0.0,0.0,0.0,0.0,0.0,0.0,0.0,1.0,0.1304652794014496,memory CD4 T cells,0.020338152413624112
34,20.242751452387594,21.088235185002386,46.81254196166992,121846.125,0.3333333333333333,0.9897948557742373,0.30612244897959184,0.0,0.3571428571428572,0.9183673469387755,1.0,0.0,0.45714285714285713,0.4489795918367347,0.0,0.11261261261261263,myeloid DC,0.020338152413624112
35,18.005327103354713,18.752423826822245,187.6849822998047,85061.3671875,0.3333333333333333,1.0,0.0,0.0,0.0,0.0,0.23636363636363636,0.0,0.02727272727272727,0.03636363636363636,0.0,0.0,naive B cells,0.020338152413624112
36,18.76690455164228,20.14214077267959,184.2555389404297,49719.26171875,0.3333333333333333,1.0,0.0,0.0,0.0,0.0,0.1,0.0,0.010714285714285714,0.010714285714285714,0.0,0.1548757170172084,naive CD4 T cells,0.020338152413624112
37,18.739055906471464,19.925618363386533,172.23158264160156,51074.18359375,0.3333333333333333,1.0,0.0,0.0,0.0,0.0,0.0,0.0,0.0,0.0,0.0,0.1914236706689537,naive CD8 T cells,0.020338152413624112
38,18.572165831923485,19.462958385236647,236.13848876953125,114148.734375,0.3333333333333333,1.0,0.046875,0.0,0.018750000000000003,0.140625,0.390625,0.0,0.053125000000000006,0.0625,0.0,0.13580246913580246,non-classical monocytes,0.020338152413624112
