,1-Wasserstein_PCA,2-Wasserstein_PCA,Linear_MMD_PCA,Poly_MMD_PCA,KNN identity,KNN identity PCA,precision,recall,density,coverage,precision_PCA,recall_PCA,density_PCA,coverage_PCA,KNN category,KNN category PCA,ct,global_f1
0,16.785763450815708,17.13934856039299,236.82496643066406,52713.8359375,0.9174536832375517,1.0,0.22784810126582278,0.8860759493670886,0.10126582278481014,0.4430379746835443,0.0,0.0,0.0,0.0,0.035416666666666666,0.048120300751879695,CD56 (bright) NK cells,0.3871695307584394
1,16.06991550602864,16.414560105814626,221.40538024902344,34885.234375,0.8865497076023392,1.0,0.3917525773195876,0.7010309278350515,0.2721649484536083,0.7319587628865979,0.0,0.0,0.0,0.0,0.036036036036036036,0.05905511811023622,CD56 (dim) NK cells,0.3871695307584394
2,16.37286254337856,17.201732008405624,199.61570739746094,21323.822265625,0.8309373202990225,1.0,0.7619047619047619,0.9047619047619048,0.780952380952381,1.0,0.047619047619047616,0.0,0.004761904761904762,0.047619047619047616,0.0,0.0,MAIT T cells,0.3871695307584394
3,12.903558456181166,13.104499627409384,97.81648254394531,66779.2421875,0.7845476713519667,1.0,0.1721311475409836,0.8797814207650273,0.053825136612021866,0.2650273224043716,0.0,0.0,0.0,0.0,0.06700593723494487,0.18018018018018017,classical monocytes,0.3871695307584394
4,16.973141738346644,17.61676768963827,231.165283203125,26676.33203125,0.8561438561438561,1.0,0.4642857142857143,0.6428571428571429,0.4,0.9523809523809523,0.0,0.0,0.0,0.0,0.04207920792079208,0.10569105691056911,effector CD8 T cells,0.3871695307584394
5,13.092207927577544,13.368125656671907,101.51398468017578,55411.59375,0.8079665712858246,1.0,0.09271523178807947,0.9139072847682119,0.019205298013245036,0.10596026490066225,0.006622516556291391,0.0,0.0006622516556291391,0.006622516556291391,0.07193396226415094,0.10595238095238094,intermediate monocytes,0.3871695307584394
6,16.65079160417829,16.930537712715324,236.97161865234375,66643.1015625,0.9040570175438596,1.0,0.1619047619047619,0.8,0.12952380952380954,0.580952380952381,0.0,0.0,0.0,0.0,0.1038961038961039,0.11181434599156119,memory B cells,0.3871695307584394
7,15.792011289711455,16.13335655428125,213.14022827148438,25207.333984375,0.8279135748581405,1.0,0.20180722891566266,0.6626506024096386,0.2855421686746988,0.9216867469879518,0.0,0.0,0.0,0.0,0.133210840606339,0.17866666666666667,memory CD4 T cells,0.3871695307584394
8,14.200942681760202,14.532409560092558,123.1760482788086,33877.2421875,0.9073821274808358,1.0,0.6530612244897959,0.9591836734693877,0.10204081632653061,0.2653061224489796,0.0,0.0,0.0,0.0,0.08205128205128205,0.0966183574879227,myeloid DC,0.3871695307584394
9,17.141908454895024,17.331051294340547,246.7079315185547,79503.4453125,0.9635882158225753,1.0,0.2727272727272727,0.7272727272727273,0.07818181818181819,0.32727272727272727,0.0,0.0,0.0,0.0,0.005102040816326531,0.06164383561643836,naive B cells,0.3871695307584394
10,15.718391224316187,16.057618661239573,217.57330322265625,16802.49609375,0.6710995511180098,1.0,0.21428571428571427,0.7607142857142857,0.15357142857142858,0.7214285714285714,0.0,0.0,0.0,0.0,0.12729948491537896,0.02168788307402169,naive CD4 T cells,0.3871695307584394
11,16.150093006460285,16.62212606632571,229.4499053955078,16087.548828125,0.7101934523809524,1.0,0.13157894736842105,0.7894736842105263,0.07532894736842105,0.5328947368421053,0.0,0.0,0.0,0.0,0.15555555555555556,0.06642512077294686,naive CD8 T cells,0.3871695307584394
12,14.145448371767998,14.49615956288691,133.64834594726562,42234.0234375,0.8811807661365183,1.0,0.015625,0.96875,0.0015625,0.015625,0.0,0.0,0.0,0.0,0.08235294117647059,0.09363295880149813,non-classical monocytes,0.3871695307584394
13,15.97322070447704,16.189913096701005,217.11680603027344,52019.5546875,0.9111646586345382,1.0,0.3037974683544304,0.8481012658227848,0.1291139240506329,0.6582278481012658,0.0,0.0,0.0,0.0,0.05772005772005773,0.07260726072607261,CD56 (bright) NK cells,0.3871695307584394
14,15.964261812033117,16.405921134368075,225.47882080078125,41402.890625,0.9071770334928229,1.0,0.4536082474226804,0.6804123711340206,0.3608247422680413,0.8762886597938144,0.0,0.0,0.0,0.0,0.052821128451380546,0.07046070460704608,CD56 (dim) NK cells,0.3871695307584394
15,17.91492793673561,18.463577255510902,282.57586669921875,35968.11328125,0.9285309132161088,1.0,0.42857142857142855,1.0,0.42380952380952386,1.0,0.0,0.0,0.0,0.0,0.0,0.0,MAIT T cells,0.3871695307584394
16,12.757313108183636,12.90742904499866,103.79462432861328,79196.2890625,0.7938224433225394,1.0,0.16939890710382513,0.8278688524590164,0.05136612021857924,0.28415300546448086,0.0,0.0,0.0,0.0,0.06988188976377953,0.1847058823529412,classical monocytes,0.3871695307584394
17,16.641967977796273,17.21687137455858,224.16578674316406,22660.431640625,0.7719986795290321,1.0,0.47619047619047616,0.5476190476190477,0.5511904761904762,0.9166666666666666,0.0,0.0,0.0,0.0,0.0330827067669173,0.13333333333333333,effector CD8 T cells,0.3871695307584394
18,13.237523956804084,13.553262238734801,104.65191650390625,51439.0234375,0.8042862827582287,1.0,0.09271523178807947,0.9337748344370861,0.020529801324503313,0.15894039735099338,0.0,0.0,0.0,0.0,0.07918552036199095,0.15546558704453442,intermediate monocytes,0.3871695307584394
19,16.69713775089809,16.96196895220141,237.98907470703125,68529.3125,0.8792409430707302,1.0,0.2,0.7714285714285715,0.1438095238095238,0.580952380952381,0.0,0.0,0.0,0.0,0.0899390243902439,0.11458333333333336,memory B cells,0.3871695307584394
20,15.694158499499398,16.02518196651537,211.84596252441406,25509.408203125,0.8043894535277655,1.0,0.18373493975903615,0.6746987951807228,0.25210843373493974,0.8885542168674698,0.0,0.0,0.0,0.0,0.13394285714285717,0.18121911037891267,memory CD4 T cells,0.3871695307584394
21,13.849201144004358,14.24031644221581,119.2646255493164,36161.2265625,0.9073821274808358,1.0,0.5918367346938775,0.9387755102040817,0.08571428571428572,0.1836734693877551,0.0,0.0,0.0,0.0,0.07812499999999999,0.14210526315789473,myeloid DC,0.3871695307584394
22,17.38715418035334,17.634352480507545,256.9075927734375,77122.234375,0.972706972128029,1.0,0.2909090909090909,0.7818181818181819,0.16181818181818183,0.7454545454545455,0.0,0.0,0.0,0.0,0.005102040816326531,0.04017857142857143,naive B cells,0.3871695307584394
23,15.70902194636208,16.066669587480074,215.6553192138672,15355.0087890625,0.7148081688455952,1.0,0.25357142857142856,0.7178571428571429,0.22321428571428573,0.875,0.0,0.0,0.0,0.0,0.12499999999999999,0.0136986301369863,naive CD4 T cells,0.3871695307584394
24,15.985204853509613,16.50120124520509,225.388671875,16340.1943359375,0.6402453750664154,1.0,0.1611842105263158,0.7532894736842105,0.14144736842105263,0.694078947368421,0.0,0.0,0.0,0.0,0.13306552849610848,0.07641996557659207,naive CD8 T cells,0.3871695307584394
25,14.350703418254852,14.717263573914567,146.92860412597656,49000.21484375,0.8811807661365183,1.0,0.046875,0.9375,0.004687500000000001,0.046875,0.0,0.0,0.0,0.0,0.13218390804597702,0.09523809523809523,non-classical monocytes,0.3871695307584394
26,15.459238233445568,15.68877711535453,207.56141662597656,51953.8828125,0.9173207744636316,1.0,0.3924050632911392,0.7974683544303798,0.17721518987341772,0.620253164556962,0.0,0.0,0.0,0.0,0.044270833333333336,0.07516339869281045,CD56 (bright) NK cells,0.3871695307584394
27,16.07370589934673,16.450963328720487,217.33653259277344,33654.00390625,0.9019341793705271,1.0,0.27835051546391754,0.7938144329896907,0.19896907216494847,0.7319587628865979,0.0,0.0,0.0,0.0,0.04553734061930783,0.09206349206349206,CD56 (dim) NK cells,0.3871695307584394
28,17.575677054268976,18.462070225007746,262.6268005371094,37098.14453125,0.8792409430707302,1.0,0.6666666666666666,0.9047619047619048,0.6333333333333333,1.0,0.0,0.0,0.0,0.0,0.0,0.0,MAIT T cells,0.3871695307584394
29,12.96504643966591,13.124420512159913,104.04791259765625,77406.3984375,0.7847993567266264,1.0,0.1721311475409836,0.8360655737704918,0.052732240437158476,0.319672131147541,0.0,0.0,0.0,0.0,0.07945900253592561,0.1827893175074184,classical monocytes,0.3871695307584394
30,16.994900839669352,17.561408837273753,240.16371154785156,29554.80078125,0.839280019841973,1.0,0.40476190476190477,0.5833333333333334,0.6619047619047619,0.9880952380952381,0.0,0.0,0.0,0.0,0.0655307994757536,0.14545454545454545,effector CD8 T cells,0.3871695307584394
31,13.288568837753193,13.613968390382844,92.81718444824219,36344.28515625,0.8369403824521935,1.0,0.09271523178807947,0.9271523178807947,0.01456953642384106,0.08609271523178808,0.0,0.0,0.0,0.0,0.06542056074766354,0.13280212483399736,intermediate monocytes,0.3871695307584394
32,16.866021083650143,17.18153201903599,235.4568634033203,64573.5546875,0.8595835927232482,1.0,0.17142857142857143,0.8285714285714286,0.11714285714285716,0.5619047619047619,0.0,0.0,0.0,0.0,0.08895705521472393,0.09216589861751152,memory B cells,0.3871695307584394
33,15.610125995544072,15.918073518808512,209.2002716064453,25240.07421875,0.80722191979677,1.0,0.21686746987951808,0.6596385542168675,0.24819277108433738,0.858433734939759,0.0,0.0,0.0,0.0,0.1562666666666667,0.18157894736842103,memory CD4 T cells,0.3871695307584394
34,14.75101698661337,15.133753371480486,132.4361114501953,30752.375,0.8756871035940803,1.0,0.5918367346938775,0.9591836734693877,0.07551020408163266,0.10204081632653061,0.0,0.0,0.0,0.0,0.06696428571428571,0.10303030303030303,myeloid DC,0.3871695307584394
35,17.112187610973006,17.416374942371228,247.53302001953125,79831.8125,0.9452917771883289,1.0,0.3090909090909091,0.8363636363636363,0.09272727272727273,0.45454545454545453,0.0,0.0,0.0,0.0,0.014778325123152709,0.04779411764705883,naive B cells,0.3871695307584394
36,15.560567086083548,15.904226003346967,210.02500915527344,16129.3154296875,0.628411288842456,1.0,0.25,0.7607142857142857,0.18892857142857145,0.8107142857142857,0.0,0.0,0.0,0.0,0.12169312169312169,0.020813623462630083,naive CD4 T cells,0.3871695307584394
37,15.82570999547056,16.295751668938667,222.68600463867188,17013.919921875,0.6405098699513481,1.0,0.125,0.8026315789473685,0.10197368421052631,0.6085526315789473,0.0,0.0,0.0,0.0,0.18888888888888888,0.0723060723060723,naive CD8 T cells,0.3871695307584394
38,13.851444281637669,14.1754583183753,134.8542938232422,52349.71875,0.8893007165801828,1.0,0.015625,1.0,0.003125,0.03125,0.0,0.0,0.0,0.0,0.0909090909090909,0.08812260536398468,non-classical monocytes,0.3871695307584394
