,1-Wasserstein_PCA,2-Wasserstein_PCA,Linear_MMD_PCA,Poly_MMD_PCA,KNN identity,KNN identity PCA,precision,recall,density,coverage,precision_PCA,recall_PCA,density_PCA,coverage_PCA,KNN category,KNN category PCA,ct,global_f1
0,14.632019103327886,14.676541033025755,188.34524536132812,73105.7265625,0.4633152173913043,1.0,0.5443037974683544,0.8734177215189873,0.3924050632911393,0.9367088607594937,0.0,0.0,0.0,0.0,0.29314420803782504,0.3059360730593607,CD56 (bright) NK cells,0.6876252469983591
1,14.628570664789258,14.680087489595511,190.41944885253906,52205.41796875,0.553612517257248,1.0,0.4742268041237113,0.8350515463917526,0.5268041237113402,0.9896907216494846,0.0,0.0,0.0,0.0,0.232662192393736,0.40853658536585363,CD56 (dim) NK cells,0.6876252469983591
2,14.263582411266508,14.315377615428853,169.03707885742188,31685.0234375,0.6888888888888889,1.0,0.8571428571428571,0.9523809523809523,0.8904761904761905,1.0,0.0,0.0,0.0,0.0,0.0,0.0,MAIT T cells,0.6876252469983591
3,14.226140449607316,14.31331416706843,172.72152709960938,232070.203125,0.7081006397163307,1.0,0.6366120218579235,0.8524590163934426,0.3773224043715847,0.9289617486338798,0.0,0.0,0.0,0.0,0.1844532279314888,0.494475138121547,classical monocytes,0.6876252469983591
4,14.47277700333368,14.54793575115459,170.30055236816406,29697.697265625,0.8273258904837852,1.0,0.7261904761904762,0.5119047619047619,0.9178571428571429,1.0,0.0,0.0,0.0,0.0,0.18888888888888886,0.3231083844580777,effector CD8 T cells,0.6876252469983591
5,13.372108402631145,13.446620234836251,149.8616485595703,189665.921875,0.5005226319480279,1.0,0.5165562913907285,0.9205298013245033,0.22913907284768215,0.8211920529801324,0.0,0.0,0.0,0.0,0.2396551724137931,0.4607142857142857,intermediate monocytes,0.6876252469983591
6,14.593867756071544,14.633576380205772,189.44932556152344,87963.390625,0.8084116412736064,1.0,0.44761904761904764,0.8380952380952381,0.26857142857142857,0.8952380952380953,0.0,0.0,0.0,0.0,1.0,1.0,memory B cells,0.6876252469983591
7,14.740603886454934,14.789211797036822,191.52137756347656,29485.53515625,0.763731642621466,1.0,0.29819277108433734,0.7048192771084337,0.35240963855421686,0.9397590361445783,0.0,0.0,0.0,0.0,0.30910070005385026,0.49924585218702866,memory CD4 T cells,0.6876252469983591
8,13.118874919657804,13.247166732792662,136.58799743652344,139205.15625,0.3556164383561644,1.0,0.7755102040816326,0.9387755102040817,0.363265306122449,0.8775510204081632,0.0,0.0,0.0,0.0,0.43678160919540227,0.20657276995305163,myeloid DC,0.6876252469983591
9,14.832017361034048,14.865644420380942,192.81198120117188,99504.6953125,0.35322299651567945,1.0,0.6181818181818182,0.8727272727272727,0.3581818181818182,0.9090909090909091,0.0,0.0,0.0,0.0,0.11290322580645161,0.24657534246575344,naive B cells,0.6876252469983591
10,14.999064527239126,15.040719258449904,200.57339477539062,24499.376953125,0.454520358868185,1.0,0.275,0.725,0.3035714285714286,0.9714285714285714,0.0,0.0,0.0,0.0,0.26523297491039427,0.045454545454545456,naive CD4 T cells,0.6876252469983591
11,14.620331619915216,14.662602524504422,193.84072875976562,25005.201171875,0.5921243024532588,1.0,0.3190789473684211,0.7763157894736842,0.28848684210526315,0.9407894736842105,0.0,0.0,0.0,0.0,0.32374506486181615,0.16739606126914658,naive CD8 T cells,0.6876252469983591
12,12.878871962428093,12.952865469142122,143.5841064453125,157913.640625,0.3333333333333333,1.0,0.359375,0.984375,0.1203125,0.625,0.0,0.0,0.0,0.0,0.49206349206349204,0.2967032967032967,non-classical monocytes,0.6876252469983591
13,14.840108014360252,14.893981872198665,195.1163787841797,76901.875,0.4088978766430738,1.0,0.5822784810126582,0.8607594936708861,0.2962025316455696,0.8987341772151899,0.0,0.0,0.0,0.0,0.29836829836829837,0.29836829836829837,CD56 (bright) NK cells,0.6876252469983591
14,14.577598453797018,14.622727265493824,188.1915283203125,52343.3984375,0.3881804470039764,1.0,0.4845360824742268,0.7628865979381443,0.534020618556701,0.9896907216494846,0.0,0.0,0.0,0.0,0.39375000000000004,0.4425287356321839,CD56 (dim) NK cells,0.6876252469983591
15,15.03529743921189,15.089689276988143,183.9979705810547,34056.39453125,0.8055555555555556,1.0,0.9523809523809523,0.9523809523809523,0.6190476190476191,1.0,0.0,0.0,0.0,0.0,0.0,0.0,MAIT T cells,0.6876252469983591
16,14.15141030087497,14.234661904408933,171.1866912841797,229502.078125,0.71897560747226,1.0,0.6721311475409836,0.8797814207650273,0.3434426229508197,0.912568306010929,0.0,0.0,0.0,0.0,0.26506024096385544,0.49025069637883006,classical monocytes,0.6876252469983591
17,14.768550588971086,14.835050935531829,178.9190216064453,32037.64453125,0.783225806451613,1.0,0.6785714285714286,0.6071428571428571,0.6845238095238095,0.9761904761904762,0.0,0.0,0.0,0.0,0.16338028169014085,0.3144654088050315,effector CD8 T cells,0.6876252469983591
18,13.264145611137742,13.33813806114214,145.5012969970703,185227.203125,0.5546402237477752,1.0,0.5231788079470199,0.9403973509933775,0.204635761589404,0.8079470198675497,0.0,0.0,0.0,0.0,0.3171296296296296,0.4509090909090909,intermediate monocytes,0.6876252469983591
19,14.623702049255362,14.67059044638376,187.63047790527344,87163.5625,0.7931697931697932,1.0,0.41904761904761906,0.8380952380952381,0.24761904761904763,0.8761904761904762,0.0,0.0,0.0,0.0,1.0,1.0,memory B cells,0.6876252469983591
20,14.611668130001393,14.662185138679664,188.05767822265625,28713.419921875,0.6241634942897215,1.0,0.39759036144578314,0.6536144578313253,0.5162650602409639,1.0,0.0,0.0,0.0,0.0,0.3164556962025316,0.49773071104387295,memory CD4 T cells,0.6876252469983591
21,13.12711964821329,13.218069758681796,141.6394805908203,138031.515625,0.3771467207572684,1.0,0.8979591836734694,0.9591836734693877,0.25918367346938775,0.8163265306122449,0.0,0.02040816326530612,0.0,0.0,0.4431818181818182,0.21296296296296294,myeloid DC,0.6876252469983591
22,15.230874529751864,15.275512775702023,203.6961212158203,106617.671875,0.3912303107705406,1.0,0.509090909090909,0.9090909090909091,0.2781818181818182,0.9636363636363636,0.0,0.0,0.0,0.0,0.09836065573770492,0.12745098039215688,naive B cells,0.6876252469983591
23,15.009119514056623,15.051215575254858,201.98980712890625,24703.998046875,0.430165323883974,1.0,0.2785714285714286,0.7178571428571429,0.3557142857142857,0.9607142857142857,0.0,0.0,0.0,0.0,0.2617498192335503,0.045454545454545456,naive CD4 T cells,0.6876252469983591
24,14.56143963650654,14.606535726114721,191.28233337402344,24620.46484375,0.6082474226804123,1.0,0.3519736842105263,0.7171052631578947,0.4588815789473684,0.9868421052631579,0.0,0.0,0.0,0.0,0.32662192393736017,0.13391684901531725,naive CD8 T cells,0.6876252469983591
25,13.000598028302193,13.06175028552279,144.40533447265625,160610.15625,0.3333333333333333,1.0,0.34375,0.96875,0.10312500000000001,0.46875,0.0,0.0,0.0,0.0,0.49206349206349204,0.2558139534883721,non-classical monocytes,0.6876252469983591
26,14.65950893450387,14.71375511883206,188.48065185546875,72051.78125,0.3872485650757536,1.0,0.6075949367088608,0.8607594936708861,0.40126582278481016,0.9493670886075949,0.0,0.0,0.0,0.0,0.2736318407960199,0.45138888888888895,CD56 (bright) NK cells,0.6876252469983591
27,14.742110970094027,14.784704509962081,190.3669891357422,53045.796875,0.3668055555555556,1.0,0.5051546391752577,0.7731958762886598,0.609278350515464,1.0,0.0,0.0,0.0,0.0,0.3576158940397351,0.40853658536585363,CD56 (dim) NK cells,0.6876252469983591
28,15.24273068564279,15.299371374366984,190.5208282470703,37047.1953125,0.5906432748538012,1.0,0.7619047619047619,0.7142857142857143,0.9095238095238095,1.0,0.0,0.0,0.0,0.0,0.0,0.0,MAIT T cells,0.6876252469983591
29,14.258454505211661,14.338289590209016,174.45408630371094,234391.65625,0.7240251741360388,1.0,0.6174863387978142,0.855191256830601,0.3704918032786886,0.9316939890710383,0.0,0.00273224043715847,0.0,0.0,0.1928802588996764,0.49586776859504134,classical monocytes,0.6876252469983591
30,14.696495078858874,14.763833118067883,178.01657104492188,31614.83984375,0.6980523053222316,1.0,0.6309523809523809,0.6904761904761905,0.6178571428571429,0.9880952380952381,0.0,0.0,0.0,0.0,0.16986301369863016,0.3293172690763052,effector CD8 T cells,0.6876252469983591
31,13.30128933104458,13.372864558577685,145.0929718017578,186328.859375,0.4413461406706039,1.0,0.5562913907284768,0.9271523178807947,0.19933774834437087,0.7947019867549668,0.0,0.0,0.0,0.0,0.31468531468531474,0.4626334519572954,intermediate monocytes,0.6876252469983591
32,14.416244279770627,14.466904643221184,181.93881225585938,83679.8515625,0.7806340267054228,1.0,0.49523809523809526,0.8285714285714286,0.3961904761904762,0.9809523809523809,0.0,0.0,0.0,0.0,1.0,1.0,memory B cells,0.6876252469983591
33,14.797912212739506,14.853410473376842,191.88433837890625,30249.77734375,0.7314501763187553,1.0,0.4126506024096386,0.6927710843373494,0.42650602409638555,0.9789156626506024,0.0,0.0,0.0,0.0,0.3202921231090245,0.49924585218702866,memory CD4 T cells,0.6876252469983591
34,12.963977385540401,13.08893005565937,129.3971710205078,124060.5390625,0.3556164383561644,1.0,0.8571428571428571,0.9183673469387755,0.25306122448979596,0.7142857142857143,0.0,0.0,0.0,0.0,0.2911877394636015,0.2191780821917808,myeloid DC,0.6876252469983591
35,15.155500776117497,15.209744192946227,201.87367248535156,106879.90625,0.3333333333333333,1.0,0.4,0.9090909090909091,0.2981818181818182,0.9818181818181818,0.0,0.0,0.0,0.0,0.1791044776119403,0.22535211267605632,naive B cells,0.6876252469983591
36,15.052290950502671,15.095779574038671,203.8942108154297,24728.546875,0.46541164638913224,1.0,0.2785714285714286,0.7142857142857143,0.4089285714285715,0.95,0.0,0.0,0.0,0.0,0.2711864406779661,0.03642384105960265,naive CD4 T cells,0.6876252469983591
37,14.543543498767047,14.583485834189577,190.9469757080078,25052.341796875,0.5217679006180161,1.0,0.34868421052631576,0.6710526315789473,0.4467105263157895,0.9868421052631579,0.0,0.0,0.0,0.0,0.32374506486181615,0.17728237791932058,naive CD8 T cells,0.6876252469983591
38,12.70102795958519,12.770327067439803,139.9191131591797,152095.625,0.3333333333333333,1.0,0.28125,0.984375,0.1015625,0.609375,0.0,0.0,0.0,0.0,1.0,0.2967032967032967,non-classical monocytes,0.6876252469983591
