,1-Wasserstein_PCA,2-Wasserstein_PCA,Linear_MMD_PCA,Poly_MMD_PCA,KNN identity,KNN identity PCA,precision,recall,density,coverage,precision_PCA,recall_PCA,density_PCA,coverage_PCA,KNN category,KNN category PCA,ct,global_f1
0,17.54910186524817,18.184517764027802,145.79147338867188,48448.05078125,0.3244444444444445,1.0,0.1643835616438356,0.17721518987341772,0.6904109589041096,1.0,0.0821917808219178,0.0,0.010958904109589041,0.0379746835443038,0.0,0.06584362139917695,CD56 (bright) NK cells,0.01975749369114298
1,17.284775419722923,17.94148201569446,177.72784423828125,44644.234375,0.7203315299949364,1.0,0.12871287128712872,0.20618556701030927,0.7564356435643564,1.0,0.7920792079207921,0.0,0.07920792079207922,0.010309278350515464,0.0,0.0,CD56 (dim) NK cells,0.01975749369114298
2,17.896821596375364,18.83416167131874,97.50960540771484,26969.052734375,0.6955128205128205,1.0,0.4117647058823529,0.8095238095238095,0.7176470588235295,1.0,1.0,0.0,0.6294117647058823,0.5238095238095238,0.0,0.0,MAIT T cells,0.01975749369114298
3,18.03147389914819,18.98920967088412,137.97991943359375,75622.9453125,0.33934073118195635,1.0,0.0,0.08196721311475409,0.0,0.0,0.8031914893617021,0.0,0.09813829787234044,0.030054644808743168,0.0,0.24491180461329715,classical monocytes,0.01975749369114298
4,23.576700790686523,25.78551432515724,226.1927947998047,290554.34375,0.741296837629551,1.0,0.03225806451612903,0.2619047619047619,0.035483870967741936,0.32142857142857145,1.0,0.0,1.167741935483871,0.21428571428571427,0.0,0.0,effector CD8 T cells,0.01975749369114298
5,18.859890411877625,19.898175385762414,141.84451293945312,88106.9765625,0.3903621495327103,1.0,0.027972027972027972,0.11258278145695365,0.17342657342657342,1.0,0.993006993006993,0.0,0.24125874125874125,0.08609271523178808,0.0,0.12953367875647667,intermediate monocytes,0.01975749369114298
6,16.5793169365448,17.454014992172958,110.17500305175781,111833.5234375,0.3361006289308176,0.9802912621359223,0.22448979591836735,0.1619047619047619,0.939795918367347,1.0,0.9591836734693877,0.0,0.6459183673469389,0.24761904761904763,0.0,0.4974358974358974,memory B cells,0.01975749369114298
7,17.112501602299638,18.150871202866085,101.679931640625,40418.33203125,0.33100697906281157,1.0,0.0,0.13253012048192772,0.0,0.0,0.9174041297935103,0.0,0.32035398230088497,0.05120481927710843,1.0,0.49777777777777776,memory CD4 T cells,0.01975749369114298
8,19.046519917468625,20.249102016846077,20.39939308166504,137887.875,0.6363636363636362,0.9696474195196729,0.46,0.22448979591836735,1.27,1.0,1.0,0.0,1.1039999999999999,0.5510204081632653,0.0,0.30434782608695654,myeloid DC,0.01975749369114298
9,15.285503563790941,15.896082434704729,95.59809875488281,60330.1640625,0.5698882952889752,1.0,0.4339622641509434,0.21818181818181817,1.3037735849056604,1.0,1.0,0.0,0.27735849056603773,0.12727272727272726,0.0,0.1619047619047619,naive B cells,0.01975749369114298
10,16.85856071150532,18.119000238247814,119.88748931884766,48429.609375,0.3290246768507638,1.0,0.003436426116838488,0.10714285714285714,0.09621993127147767,1.0,0.9175257731958762,0.0,0.2020618556701031,0.014285714285714285,0.0,0.19432773109243698,naive CD4 T cells,0.01975749369114298
11,17.28064475305831,18.346362020605884,125.54316711425781,50812.796875,0.3824759070294785,1.0,0.006734006734006734,0.10197368421052631,0.041750841750841754,0.3717105263157895,0.39057239057239057,0.0,0.04983164983164984,0.006578947368421052,0.0,0.2714570858283433,naive CD8 T cells,0.01975749369114298
12,16.93227312688169,18.05145687689178,172.41311645507812,84521.3671875,0.32222222222222224,1.0,0.3275862068965517,0.265625,0.9862068965517242,1.0,0.9827586206896551,0.0,0.10517241379310345,0.046875,0.0,0.2875816993464052,non-classical monocytes,0.01975749369114298
13,17.755058699361225,18.394284062103008,150.00588989257812,48111.77734375,0.7152348016017473,1.0,0.04285714285714286,0.3037974683544304,0.13714285714285715,0.9367088607594937,0.04285714285714286,0.0,0.004285714285714286,0.012658227848101266,0.0,0.0759493670886076,CD56 (bright) NK cells,0.01975749369114298
14,17.285801740309907,17.948104395233837,174.05128479003906,44479.9453125,0.5953643131062486,1.0,0.1574074074074074,0.1958762886597938,0.537962962962963,1.0,0.8240740740740741,0.0,0.08240740740740742,0.010309278350515464,0.0,0.0,CD56 (dim) NK cells,0.01975749369114298
15,17.864235090830974,18.84321912853019,103.23236846923828,27977.541015625,0.4583333333333333,1.0,0.6111111111111112,0.7142857142857143,0.75,1.0,1.0,0.0,0.6611111111111111,0.47619047619047616,0.0,0.0,MAIT T cells,0.01975749369114298
16,18.039000507592768,19.001069131133335,135.73602294921875,74054.671875,0.3414708186447317,1.0,0.002680965147453083,0.08469945355191257,0.004021447721179625,0.040983606557377046,0.7962466487935657,0.0,0.09892761394101877,0.03551912568306011,0.0,0.24728997289972898,classical monocytes,0.01975749369114298
17,23.637849696270816,25.85712152608705,229.7178955078125,290929.40625,0.3384615384615385,1.0,0.07954545454545454,0.2261904761904762,0.49090909090909096,1.0,1.0,0.0,1.1329545454545455,0.27380952380952384,0.0,0.0,effector CD8 T cells,0.01975749369114298
18,18.875699290766093,19.910380891051148,141.1620330810547,88711.890625,0.4022478556640047,1.0,0.03333333333333333,0.11920529801324503,0.2546666666666667,1.0,0.98,0.0,0.2506666666666667,0.09271523178807947,0.0,0.12350230414746544,intermediate monocytes,0.01975749369114298
19,16.284654484426987,17.19145747576147,105.06698608398438,106941.21875,0.3595042652502817,0.9796529642635818,0.2826086956521739,0.2,1.0097826086956523,1.0,1.0,0.0,0.6739130434782609,0.24761904761904763,0.0,1.0,memory B cells,0.01975749369114298
20,17.128645451680697,18.170731175430593,101.845458984375,40529.05078125,0.3329989969909729,1.0,0.003003003003003003,0.15963855421686746,0.0018018018018018018,0.018072289156626505,0.918918918918919,0.0,0.3273273273273274,0.045180722891566265,1.0,0.4916030534351145,memory CD4 T cells,0.01975749369114298
21,19.014101991848058,20.203598258497923,21.13166046142578,145472.875,0.837037037037037,0.9696474195196729,0.52,0.16326530612244897,1.7000000000000002,1.0,1.0,0.0,1.1480000000000001,0.7346938775510204,0.0,0.4736842105263158,myeloid DC,0.01975749369114298
22,15.40938880551945,16.002340244604014,114.08804321289062,55449.03125,0.7296062226543509,1.0,0.3958333333333333,0.3090909090909091,0.925,1.0,0.9791666666666666,0.0,0.24375000000000002,0.12727272727272726,0.0,0.23809523809523808,naive B cells,0.01975749369114298
23,16.876776490061957,18.133781915416723,121.77085876464844,48459.80859375,0.3305785123966942,1.0,0.003484320557491289,0.09285714285714286,0.0027874564459930314,0.02857142857142857,0.8745644599303136,0.0,0.18989547038327526,0.010714285714285714,0.0034722222222222225,0.19271948608137043,naive CD4 T cells,0.01975749369114298
24,17.32840856956245,18.40038232419271,126.4003677368164,50281.296875,0.7134281551377228,1.0,0.003257328990228013,0.12171052631578948,0.001954397394136808,0.019736842105263157,0.40716612377850164,0.0,0.05570032573289903,0.006578947368421052,0.0,0.27155727155727155,naive CD8 T cells,0.01975749369114298
25,17.02814169228077,18.09996406303969,176.72084045410156,89321.0546875,0.3333333333333333,1.0,0.28125,0.203125,1.1125,1.0,0.953125,0.0,0.1078125,0.0625,0.0,0.2217391304347826,non-classical monocytes,0.01975749369114298
26,17.687333374527608,18.316781346095006,149.16671752929688,48056.80078125,0.7597254004576659,1.0,0.058823529411764705,0.3291139240506329,0.14117647058823532,1.0,0.08823529411764706,0.0,0.008823529411764707,0.0379746835443038,0.0,0.12820512820512822,CD56 (bright) NK cells,0.01975749369114298
27,17.278861954822197,17.917731876714992,176.9286346435547,44176.10546875,0.3559259259259259,1.0,0.1590909090909091,0.20618556701030927,0.8761363636363637,1.0,0.8068181818181818,0.0,0.08068181818181819,0.010309278350515464,0.0,0.0,CD56 (dim) NK cells,0.01975749369114298
28,17.89892587207612,18.904809755656203,103.6131591796875,25662.36328125,0.9045454545454545,1.0,0.3333333333333333,0.8571428571428571,0.4857142857142857,1.0,1.0,0.0,0.6238095238095238,0.5238095238095238,0.0,0.0,MAIT T cells,0.01975749369114298
29,18.02739392040056,18.9798987859003,136.1625213623047,75306.2890625,0.34087782058337923,1.0,0.008086253369272238,0.06830601092896176,0.024258760107816715,0.23770491803278687,0.8490566037735849,0.0,0.10080862533692724,0.03551912568306011,0.0,0.3240997229916897,classical monocytes,0.01975749369114298
30,23.568083511347186,25.811200025280986,230.46131896972656,291092.125,0.7976190476190477,1.0,0.03529411764705882,0.23809523809523808,0.05058823529411765,0.38095238095238093,1.0,0.0,1.1329411764705883,0.2619047619047619,0.0,0.0,effector CD8 T cells,0.01975749369114298
31,18.847550593977736,19.87288468743501,138.10845947265625,86928.078125,0.33970276008492567,1.0,0.025,0.11258278145695365,0.11750000000000001,1.0,0.975,0.0,0.23750000000000002,0.07947019867549669,0.0,0.11171171171171172,intermediate monocytes,0.01975749369114298
32,16.584217212726543,17.43849399601933,108.77496337890625,109452.7578125,0.32673267326732675,0.9803902720369124,0.2727272727272727,0.14285714285714285,1.1545454545454545,1.0,0.9494949494949495,0.0,0.6505050505050506,0.23809523809523808,0.0,0.3299319727891157,memory B cells,0.01975749369114298
33,17.05816616433225,18.09428495922142,99.6269302368164,41211.37890625,0.3370558375634518,1.0,0.012461059190031152,0.13253012048192772,0.01806853582554517,0.16265060240963855,0.9158878504672897,0.0,0.3236760124610592,0.04819277108433735,1.0,0.32965879265091863,memory CD4 T cells,0.01975749369114298
34,19.068987338927755,20.236180061631266,24.384313583374023,145709.0,0.5386190422022523,0.9709361900326037,0.4,0.3469387755102041,0.8563636363636364,1.0,1.0,0.0,1.0272727272727273,0.6122448979591837,0.0,0.29629629629629634,myeloid DC,0.01975749369114298
35,15.105335566652341,15.75461484525681,90.34530639648438,58528.203125,0.3312883435582822,1.0,0.42592592592592593,0.23636363636363636,1.151851851851852,1.0,0.9814814814814815,0.0,0.26666666666666666,0.16363636363636364,0.0,0.2602739726027397,naive B cells,0.01975749369114298
36,16.855781386286164,18.106414754438124,119.55802154541016,48490.4921875,0.32941176470588235,1.0,0.0,0.12857142857142856,0.0,0.0,0.8931034482758621,0.0,0.2013793103448276,0.014285714285714285,0.0,0.2544420753375977,naive CD4 T cells,0.01975749369114298
37,17.290298633729876,18.361103659897466,123.55657196044922,50155.8671875,0.43526785714285715,1.0,0.003205128205128205,0.10855263157894737,0.0003205128205128205,0.003289473684210526,0.40064102564102566,0.0,0.05288461538461539,0.006578947368421052,0.0,0.26589595375722547,naive CD8 T cells,0.01975749369114298
38,16.908353146910674,18.009377390622895,176.0160369873047,88375.359375,0.32608695652173914,1.0,0.3,0.234375,0.9583333333333335,1.0,0.9833333333333333,0.0,0.10500000000000001,0.046875,0.0,0.4690265486725664,non-classical monocytes,0.01975749369114298
