,1-Wasserstein_PCA,2-Wasserstein_PCA,Linear_MMD_PCA,Poly_MMD_PCA,KNN identity,KNN identity PCA,precision,recall,density,coverage,precision_PCA,recall_PCA,density_PCA,coverage_PCA,KNN category,KNN category PCA,ct,global_f1
0,20.058417125701947,20.125679917880586,363.642333984375,334671.625,0.48667698838658496,1.0,0.43233333333333335,0.6736666666666666,0.46993333333333337,0.838,0.0,0.0,0.0,0.0,0.24865951742627346,0.33193863319386335,CD14+ Mono,0.5133520727041546
1,20.390802127487675,20.458910964776027,404.0450439453125,294781.5625,0.551975999909591,1.0,0.5272045028142589,0.7119565217391305,0.4476547842401501,0.8369565217391305,0.0,0.0,0.0,0.0,0.4884836852207293,0.380952380952381,CD16+ Mono,0.5133520727041546
2,21.09321774755205,21.126059214591034,410.853759765625,294130.0625,0.7984071677451468,1.0,0.5,0.9047619047619048,0.15833333333333333,0.8095238095238095,0.0,0.0,0.0,0.0,0.4666666666666667,0.0,CD4+ T CD314+ CD45RA+,0.5133520727041546
3,20.400223626138963,20.466515598121564,405.5818176269531,201304.9375,0.5760077090496293,1.0,0.3923611111111111,0.6082327892122072,0.47562499999999996,0.7700496806245565,0.0,0.0,0.0,0.0,0.19567222419297622,0.08936825885978428,CD4+ T activated,0.5133520727041546
4,20.831216124233425,20.91198615954591,420.13458251953125,228047.890625,0.6917889412818419,1.0,0.4263157894736842,0.805,0.46315789473684216,0.965,0.0,0.0,0.0,0.0,0.07751937984496124,0.01616161616161616,CD4+ T activated integrinB7+,0.5133520727041546
5,19.920790351425392,19.99217550030378,402.54547119140625,172970.875,0.5748934685748854,1.0,0.4024896265560166,0.620253164556962,0.42639004149377596,0.7856540084388186,0.0,0.0,0.0,0.0,0.3133978305482263,0.11055647994083934,CD4+ T naive,0.5133520727041546
6,21.356394490579532,21.428999365812967,434.66192626953125,206025.546875,0.670026129152669,1.0,0.4936708860759494,0.8246753246753247,0.5360759493670887,0.948051948051948,0.0,0.0,0.0,0.0,0.03877551020408164,0.014799154334038054,CD8+ T CD49f+,0.5133520727041546
7,21.099350275292608,21.202444376455023,410.9753723144531,243350.171875,0.602604514326683,1.0,0.42662116040955633,0.6340579710144928,0.5037542662116041,0.6739130434782609,0.0,0.0,0.0,0.0,0.06408629441624365,0.04709141274238228,CD8+ T CD57+ CD45RA+,0.5133520727041546
8,20.641653199656965,20.726055833256925,402.4554748535156,277200.0625,0.5438495878734722,1.0,0.3639240506329114,0.717687074829932,0.20854430379746836,0.3435374149659864,0.0,0.0,0.0,0.0,0.1342281879194631,0.14523809523809522,CD8+ T CD57+ CD45RO+,0.5133520727041546
9,20.74704555117595,20.836108006269807,391.1504211425781,231555.578125,0.5855457227138644,1.0,0.4014084507042254,0.7985611510791367,0.5457746478873239,0.5971223021582733,0.0,0.0,0.0,0.0,0.07598253275109171,0.028933092224231464,CD8+ T CD69+ CD45RA+,0.5133520727041546
10,20.028785600846643,20.123591650825688,369.59869384765625,232415.984375,0.6184488705908535,1.0,0.375,0.8453038674033149,0.5660000000000001,0.9226519337016574,0.0,0.0,0.0,0.0,0.04373047746541722,0.12872841444270017,CD8+ T CD69+ CD45RO+,0.5133520727041546
11,20.68451267319599,20.77095397219484,398.5133361816406,183187.921875,0.6019870714591141,1.0,0.4166666666666667,0.8357487922705314,0.40458333333333335,0.8599033816425121,0.0,0.0,0.0,0.0,0.00205761316872428,0.0,CD8+ T TIGIT+ CD45RA+,0.5133520727041546
12,20.77388230692577,20.86553690549647,400.888427734375,182056.578125,0.5298100490196079,1.0,0.5113122171945701,0.7389380530973452,0.44072398190045253,0.7964601769911505,0.0,0.0,0.0,0.0,0.009259259259259259,0.030381944444444444,CD8+ T TIGIT+ CD45RO+,0.5133520727041546
13,20.104008897888445,20.170795726555234,403.2198486328125,191269.125,0.5815452828555866,1.0,0.45354330708661417,0.7096774193548387,0.40409448818897636,0.8629032258064516,0.0,0.0,0.0,0.0,0.3224932249322493,0.07005192290768282,CD8+ T naive,0.5133520727041546
14,19.98988550681562,20.07585600240095,395.8586730957031,400621.25,0.6120393315135637,1.0,0.2905317769130999,0.768944099378882,0.27016861219195853,0.7329192546583851,0.0012970168612191958,0.0546583850931677,0.00012970168612191958,0.0012422360248447205,0.24110141034251176,0.47515316541865216,Erythroblast,0.5133520727041546
15,20.876310044501654,21.001938835748565,415.8888244628906,235176.9375,0.6240309475352277,1.0,0.6928934010152284,0.6381909547738693,0.7474619289340102,0.8743718592964824,0.005076142131979695,0.010050251256281407,0.0015228426395939088,0.01256281407035176,0.19738863287250386,0.1665185185185185,G/M prog,0.5133520727041546
16,20.229871350775,20.3100753722221,407.01348876953125,163374.6875,0.6360250382371269,1.0,0.5962732919254659,0.6112759643916914,0.7366459627329194,0.9851632047477745,0.0,0.0,0.0,0.0,0.24764890282131663,0.13602941176470587,HSC,0.5133520727041546
17,21.17065588159764,21.31086243243269,430.3921813964844,297366.875,0.6175824175824175,1.0,0.4,0.851063829787234,0.37000000000000005,0.8085106382978723,0.0,0.0,0.0,0.0,0.09929078014184396,0.0,ILC,0.5133520727041546
18,21.690226643649424,21.798803130543558,440.21649169921875,255040.546875,0.6216931216931216,1.0,0.7622950819672131,0.6517857142857143,0.8647540983606558,0.9375,0.0,0.0,0.0,0.0,0.04738292011019284,0.038410596026490065,ILC1,0.5133520727041546
19,20.732660931074264,20.831041764071227,395.7779235839844,329164.8125,0.7415705909058936,1.0,0.5308641975308642,0.778393351800554,0.3395061728395062,0.7728531855955678,0.0,0.0,0.0,0.0,0.15969989281886388,0.32916666666666666,Lymph prog,0.5133520727041546
20,20.870106519977153,20.94088215884928,421.5353088378906,271913.4375,0.6681096681096681,1.0,0.4166666666666667,0.8243243243243243,0.2878787878787879,0.6013513513513513,0.0,0.0,0.0,0.0,0.09185185185185185,0.10398230088495576,MAIT,0.5133520727041546
21,20.22503318892119,20.32746467514977,392.7901611328125,221990.359375,0.7089628402683665,1.0,0.7786885245901639,0.6829268292682927,0.939344262295082,1.0,0.00819672131147541,0.0,0.0008196721311475411,0.008130081300813009,0.26402640264026406,0.1258426966292135,MK/E prog,0.5133520727041546
22,20.817644758846704,20.908250977042883,408.2256774902344,239060.375,0.6063762355883714,1.0,0.466789667896679,0.586582048957389,0.692158671586716,0.8458748866727108,0.0,0.001813236627379873,0.0,0.0,0.08262799103262113,0.182982982982983,NK,0.5133520727041546
23,20.637460863820724,20.717861744602644,393.5493469238281,230143.3125,0.6028572873677605,1.0,0.45433255269320844,0.7023255813953488,0.49695550351288054,0.9186046511627907,0.0,0.0,0.0,0.0,0.019823788546255505,0.18418079096045195,NK CD158e1+,0.5133520727041546
24,20.78972364426056,20.862299761770135,419.5414123535156,352271.125,0.573966616519808,0.9993610056668385,0.28498074454428757,0.6895674300254453,0.29486521181001285,0.7417302798982188,0.0,0.49236641221374045,0.0,0.0,0.17963224893917965,0.15882616487455195,Naive CD20+ B IGKC+,0.5133520727041546
25,20.607561521899683,20.695894259584616,406.81170654296875,343631.0,0.6869878262517172,1.0,0.30861244019138756,0.6740196078431373,0.30813397129186604,0.7622549019607843,0.0,0.0,0.0,0.0,0.07433808553971485,0.062183658712942874,Naive CD20+ B IGKC-,0.5133520727041546
26,19.898846246248873,19.965031795703162,404.0422058105469,324578.4375,0.5714749796167957,0.9982587629646453,0.2589928057553957,0.797979797979798,0.09316546762589928,0.468013468013468,0.0,0.3367003367003367,0.0,0.0,0.41596638655462187,0.27566807313642755,Normoblast,0.5133520727041546
27,22.195666483693344,22.34965523670744,471.6780700683594,239088.6875,0.8077669902912622,1.0,0.46808510638297873,0.8269230769230769,0.27872340425531916,0.5576923076923077,0.0425531914893617,0.019230769230769232,0.00425531914893617,0.019230769230769232,0.16428571428571428,0.03232323232323232,Plasma cell IGKC+,0.5133520727041546
28,23.21816723124925,23.30553713172582,484.5743103027344,239421.125,0.9277003484320557,1.0,0.65,0.813953488372093,0.42000000000000004,0.9302325581395349,0.0,0.0,0.0,0.0,0.12244897959183672,0.03333333333333334,Plasma cell IGKC-,0.5133520727041546
29,22.126244536755145,22.266364854032688,458.6880187988281,232823.859375,0.9306658821221928,1.0,0.5490196078431373,0.88,0.5490196078431373,1.0,0.0,0.0,0.0,0.0,0.12698412698412698,0.05217391304347826,Plasmablast IGKC+,0.5133520727041546
30,20.319903215661878,20.42805062951305,415.6063232421875,430844.0,0.6426210826210828,0.9982634649301316,0.38028169014084506,0.726027397260274,0.2073943661971831,0.589041095890411,0.007042253521126761,0.136986301369863,0.0010563380281690142,0.00684931506849315,0.216,0.23605947955390336,Proerythroblast,0.5133520727041546
31,20.26208865906501,20.305443176418752,418.8285827636719,267356.46875,0.6073395377918862,1.0,0.1640530759951749,0.8395209580838323,0.10108564535585043,0.40479041916167663,0.0,0.03592814371257485,0.0,0.0,0.4978800726832223,0.017996870109546165,Reticulocyte,0.5133520727041546
32,20.66588160253708,20.760161759209016,425.0610656738281,246898.015625,0.6368837209302325,1.0,0.494949494949495,0.7857142857142857,0.5393939393939394,0.9107142857142857,0.0,0.0,0.0,0.0,0.08771929824561403,0.16666666666666666,T reg,0.5133520727041546
33,20.884465109829126,20.96861565355572,410.4314270019531,327936.28125,0.6538868323638287,1.0,0.39556962025316456,0.6333333333333333,0.5753164556962025,0.9466666666666667,0.0,0.0,0.0,0.0,0.20955882352941177,0.3028209556706966,Transitional B,0.5133520727041546
34,20.516025833290318,20.607051778124024,409.0337219238281,274439.25,0.534799541809851,1.0,0.6092896174863388,0.7587209302325582,0.5431693989071039,0.9244186046511628,0.0,0.0,0.0,0.0,0.30994152046783624,0.2935779816513761,cDC2,0.5133520727041546
35,21.111876980743457,21.166330908270364,419.9498291015625,326048.21875,0.8681159420289855,1.0,0.3088235294117647,0.8832116788321168,0.08455882352941177,0.3795620437956204,0.0,0.0,0.0,0.0,0.10552763819095477,0.07721280602636534,gdT CD158b+,0.5133520727041546
36,22.24371333681609,22.365691484924326,457.31756591796875,291869.25,0.8425507077192471,1.0,0.6341463414634146,0.9523809523809523,0.4292682926829269,0.8095238095238095,0.0,0.0,0.0,0.0,0.0272108843537415,0.0,gdT TCRVD2+,0.5133520727041546
37,19.961030313786765,20.036681756417625,388.81866455078125,241985.90625,0.5065924657534246,1.0,0.5727272727272728,0.7528735632183908,0.40303030303030307,0.867816091954023,0.0,0.0,0.0,0.0,0.2480916030534351,0.2484756097560976,pDC,0.5133520727041546
38,19.95669618765512,20.02307376075852,358.0134582519531,328793.5625,0.47112803514611357,1.0,0.445,0.6446666666666667,0.5415333333333334,0.8556666666666667,0.0,0.0,0.0,0.0,0.19875901391916823,0.33132126089872566,CD14+ Mono,0.5133520727041546
39,20.358908513337802,20.432327610179048,405.4427185058594,292585.9375,0.5287800198948416,1.0,0.5038314176245211,0.75,0.3846743295019157,0.8043478260869565,0.0,0.0,0.0,0.0,0.4887365328109697,0.2577359968664316,CD16+ Mono,0.5133520727041546
40,20.334431155800736,20.40236885280045,403.6958312988281,199530.578125,0.5925252765493269,1.0,0.3598326359832636,0.5982966643009227,0.4665969316596932,0.7494677075940384,0.0,0.0,0.0,0.0,0.24438502673796791,0.14099005904021797,CD4+ T activated,0.5133520727041546
41,20.700780480535382,20.79360253874045,419.6748046875,222721.03125,0.6055110770268216,1.0,0.45263157894736844,0.78,0.46736842105263166,0.915,0.0,0.0,0.0,0.0,0.07476635514018692,0.015306122448979591,CD4+ T activated integrinB7+,0.5133520727041546
42,19.87432029833782,19.940067896627916,397.08526611328125,170430.75,0.5561529021281344,1.0,0.4494658997534922,0.6168776371308017,0.4766639276910436,0.6818565400843882,0.0,0.0,0.0,0.0,0.31113058720420683,0.16306755260243633,CD4+ T naive,0.5133520727041546
43,20.696587897868557,20.778692088953754,408.3196716308594,179167.625,0.5900052694404714,1.0,0.5099337748344371,0.8116883116883117,0.5940397350993377,0.8506493506493507,0.0,0.0,0.0,0.0,0.02757916241062308,0.010517090271691499,CD8+ T CD49f+,0.5133520727041546
44,21.07365343830876,21.17301113899844,407.5729675292969,243998.59375,0.6397612111626105,1.0,0.41544117647058826,0.6811594202898551,0.4691176470588236,0.6920289855072463,0.0,0.0,0.0,0.0,0.09844559585492228,0.045999352121801104,CD8+ T CD57+ CD45RA+,0.5133520727041546
45,20.789311790425774,20.870845304667586,417.3376159667969,288793.1875,0.5586962856072484,0.9983686309519064,0.39375,0.7278911564625851,0.2421875,0.47278911564625853,0.0,0.8333333333333334,0.0,0.0,0.11644407345575959,0.11671507789807235,CD8+ T CD57+ CD45RO+,0.5133520727041546
46,21.458301131930504,21.538773387515988,431.6346435546875,274919.03125,0.6158852885358825,1.0,0.39416058394160586,0.7410071942446043,0.5598540145985401,0.7841726618705036,0.0,0.0,0.0,0.0,0.09911894273127754,0.020547945205479454,CD8+ T CD69+ CD45RA+,0.5133520727041546
47,20.616750343330025,20.728671126103546,400.98193359375,258721.609375,0.629016831585816,1.0,0.4012345679012346,0.7955801104972375,0.888888888888889,0.9392265193370166,0.0,0.0,0.0,0.0,0.028205128205128202,0.1006006006006006,CD8+ T CD69+ CD45RO+,0.5133520727041546
48,20.655556857297963,20.7320117036261,414.8251647949219,187296.0,0.5776072595376366,1.0,0.47282608695652173,0.7874396135265701,0.6114130434782609,0.9227053140096618,0.0,0.0,0.0,0.0,0.0032733224222585918,0.0,CD8+ T TIGIT+ CD45RA+,0.5133520727041546
49,20.808452104045237,20.90747140377237,400.9450378417969,181690.25,0.5514760605308856,1.0,0.5176991150442478,0.8053097345132744,0.36548672566371687,0.8097345132743363,0.0,0.0,0.0,0.0,0.005698005698005697,0.03134328358208956,CD8+ T TIGIT+ CD45RO+,0.5133520727041546
50,20.29259251400925,20.3570354985448,414.45086669921875,198465.5625,0.5777425349224656,1.0,0.44554455445544555,0.7048387096774194,0.4097359735973598,0.7483870967741936,0.0,0.0,0.0,0.0,0.3251620174697098,0.07130482356159387,CD8+ T naive,0.5133520727041546
51,19.785662525978637,19.877081229213037,384.2589416503906,392722.625,0.6820250699768773,1.0,0.2826086956521739,0.7341614906832298,0.23659420289855074,0.7267080745341615,0.0,0.0,0.0,0.0,0.24043887147335424,0.4752851711026616,Erythroblast,0.5133520727041546
52,21.05536765791453,21.179210720136854,417.4775390625,242567.34375,0.5792226230315674,1.0,0.6459948320413437,0.6884422110552764,0.6979328165374677,0.9472361809045227,0.0103359173126615,0.0,0.00103359173126615,0.007537688442211055,0.16580937972768534,0.17134416543574593,G/M prog,0.5133520727041546
53,19.985022012005548,20.066326335866528,391.108154296875,157746.375,0.6512939711714374,1.0,0.6131805157593123,0.516320474777448,0.9481375358166191,0.9495548961424333,0.0,0.0,0.0,0.0,0.195906432748538,0.11408900909761495,HSC,0.5133520727041546
54,20.80392372861821,20.928351930823226,396.6025695800781,277500.0625,0.6999544003647971,1.0,0.5531914893617021,0.851063829787234,0.6106382978723405,1.0,0.0,0.0,0.0,0.0,0.09615384615384615,0.01388888888888889,ILC,0.5133520727041546
55,21.475546888645777,21.571731518222837,438.7203674316406,244969.796875,0.6182591843613077,1.0,0.6788990825688074,0.7321428571428571,0.6816513761467891,0.9642857142857143,0.0,0.0,0.0,0.0,0.07419354838709677,0.043165467625899276,ILC1,0.5133520727041546
56,20.892887117264127,20.999944845182885,409.3063049316406,345566.875,0.7251813913785745,1.0,0.5308641975308642,0.8005540166204986,0.35956790123456794,0.7922437673130194,0.0030864197530864196,0.002770083102493075,0.00030864197530864197,0.002770083102493075,0.1878887070376432,0.24407582938388625,Lymph prog,0.5133520727041546
57,20.70968948383497,20.792061807937106,409.5199279785156,266468.5,0.6363811728395061,1.0,0.352112676056338,0.8378378378378378,0.28943661971830986,0.7162162162162162,0.0,0.0,0.0,0.0,0.10208333333333333,0.13361462728551335,MAIT,0.5133520727041546
58,20.741066734329713,20.84598709223227,411.2273254394531,233069.65625,0.68979075036652,1.0,0.7786885245901639,0.6585365853658537,0.8516393442622952,0.9512195121951219,0.0,0.0,0.0,0.0,0.15353535353535355,0.09411764705882353,MK/E prog,0.5133520727041546
59,20.883021311653167,20.96897609616553,406.9646911621094,241521.03125,0.5866587988024982,1.0,0.44352617079889806,0.5956482320942883,0.6923783287419651,0.7869446962828649,0.0,0.010879419764279238,0.0,0.0,0.08196946774859028,0.111731843575419,NK,0.5133520727041546
60,20.8540747066072,20.938356100880743,398.6412353515625,238384.40625,0.625400641025641,1.0,0.460352422907489,0.6581395348837209,0.6806167400881058,0.9093023255813953,0.0,0.0,0.0,0.0,0.021947873799725653,0.14860681114551083,NK CD158e1+,0.5133520727041546
61,20.566323051082694,20.640440653310723,416.85003662109375,343816.0625,0.5650521808937651,0.9993538366367114,0.3005249343832021,0.7290076335877863,0.2639107611548556,0.6501272264631043,0.0,1.0,0.0,0.0,0.1487403100775194,0.1573111573111573,Naive CD20+ B IGKC+,0.5133520727041546
62,20.733929793352416,20.818990528110696,420.6295166015625,354688.90625,0.6976093915394523,1.0,0.31362467866323906,0.6495098039215687,0.3820051413881749,0.7401960784313726,0.0,0.0,0.0,0.0,0.066815144766147,0.036904761904761905,Naive CD20+ B IGKC-,0.5133520727041546
63,19.832652212632066,19.89461586285258,401.9444274902344,324672.4375,0.5728395966107489,1.0,0.2668918918918919,0.7912457912457912,0.12162162162162163,0.6060606060606061,0.0,0.0,0.0,0.0,0.4196078431372549,0.42746615087040624,Normoblast,0.5133520727041546
64,22.2821661739947,22.394594400159647,487.9260559082031,249018.265625,0.839494076779193,1.0,0.42592592592592593,0.8269230769230769,0.17777777777777778,0.7692307692307693,0.018518518518518517,0.0,0.001851851851851852,0.019230769230769232,0.13,0.04311774461028192,Plasma cell IGKC+,0.5133520727041546
65,21.443687793820406,21.564961837050173,411.36724853515625,189041.046875,0.8483245149911817,0.9883705206220419,0.813953488372093,0.627906976744186,0.9558139534883721,1.0,0.023255813953488372,0.0,0.009302325581395349,0.09302325581395349,0.14545454545454545,0.035,Plasma cell IGKC-,0.5133520727041546
66,22.90143025398254,23.120754362905032,482.6296691894531,256946.0625,0.8350298350298351,1.0,0.6363636363636364,0.88,0.49090909090909096,1.0,0.0,0.0,0.0,0.0,0.1206896551724138,0.0635593220338983,Plasmablast IGKC+,0.5133520727041546
67,20.424853998078042,20.517404098890562,418.6094970703125,441668.0,0.6393581081081081,1.0,0.32075471698113206,0.7842465753424658,0.16698113207547172,0.613013698630137,0.0031446540880503146,0.0,0.0003144654088050315,0.003424657534246575,0.21299638989169675,0.1918166939443535,Proerythroblast,0.5133520727041546
68,20.326952329236775,20.36748195990027,423.7620544433594,272253.6875,0.6529854725400137,1.0,0.1519138755980861,0.8646706586826347,0.060765550239234446,0.3089820359281437,0.0,0.004790419161676647,0.0,0.0,0.49759615384615385,0.01557632398753894,Reticulocyte,0.5133520727041546
69,20.79934481712952,20.89695185542117,395.2599182128906,234914.125,0.6476602956407118,1.0,0.5042016806722689,0.8482142857142857,0.3764705882352941,0.8482142857142857,0.0,0.0,0.0,0.0,0.04924242424242424,0.10596026490066225,T reg,0.5133520727041546
70,20.67632057528956,20.76223004781879,397.73712158203125,317226.53125,0.5773148372702139,1.0,0.3289036544850498,0.6233333333333333,0.38637873754152824,0.6866666666666666,0.0,0.0,0.0,0.0,0.28002569043031467,0.22586520947176683,Transitional B,0.5133520727041546
71,20.52729203087433,20.616723676042138,415.7986145019531,278907.9375,0.5339746300684483,1.0,0.585635359116022,0.7819767441860465,0.4787292817679558,0.872093023255814,0.0,0.005813953488372093,0.0,0.0,0.31332357247437775,0.301010101010101,cDC2,0.5133520727041546
72,20.938077591438915,20.999208782000686,406.21868896484375,311490.5625,0.7945444154830437,1.0,0.26717557251908397,0.8978102189781022,0.13282442748091602,0.635036496350365,0.0,0.0,0.0,0.0,0.0985663082437276,0.053949903660886325,gdT CD158b+,0.5133520727041546
73,21.56426813752944,21.67727377874401,412.67578125,257941.359375,0.8583333333333333,1.0,0.5813953488372093,0.9047619047619048,0.42790697674418604,0.7857142857142857,0.0,0.0,0.0,0.0,0.034858387799564274,0.0,gdT TCRVD2+,0.5133520727041546
74,19.751720395817593,19.824464398790504,378.2354736328125,236570.90625,0.5575461865328889,1.0,0.5538461538461539,0.7672413793103449,0.40430769230769237,0.8390804597701149,0.0,0.0,0.0,0.0,1.0,0.49922958397534667,pDC,0.5133520727041546
75,20.00832230822243,20.07460136071614,362.2818298339844,334337.84375,0.4851620124766262,1.0,0.43,0.667,0.46676666666666666,0.844,0.0,0.0,0.0,0.0,0.2487016250628246,0.3315460232350313,CD14+ Mono,0.5133520727041546
76,20.442367690953393,20.512861272979062,405.5994873046875,296459.03125,0.5262575243894001,1.0,0.554954954954955,0.7210144927536232,0.5048648648648649,0.8641304347826086,0.0,0.0,0.0,0.0,0.48942042318307266,0.3927789934354486,CD16+ Mono,0.5133520727041546
77,20.360724164418095,20.431629760035836,403.2178649902344,199247.265625,0.5649620354087663,1.0,0.37330478229835834,0.5926188786373314,0.4201284796573876,0.7750177430801988,0.0,0.0,0.0,0.0,0.244249726177437,0.14073575826563875,CD4+ T activated,0.5133520727041546
78,20.908630662818126,20.982908162968503,425.864990234375,233739.703125,0.6180865449628128,1.0,0.4366812227074236,0.755,0.4427947598253275,0.98,0.0,0.0,0.0,0.0,0.05447470817120622,0.018333333333333333,CD4+ T activated integrinB7+,0.5133520727041546
79,20.05570632602439,20.11631517169908,404.2684631347656,175858.53125,0.5633775581706248,1.0,0.41309823677581864,0.6151898734177215,0.47422334172963904,0.809282700421941,0.0,0.0,0.0,0.0,0.309009009009009,0.16750418760469013,CD4+ T naive,0.5133520727041546
80,20.894904227648958,20.963580681634845,416.080078125,187616.421875,0.6184045362074189,1.0,0.46,0.8571428571428571,0.3966666666666667,0.8246753246753247,0.0,0.0,0.0,0.0,0.02857142857142857,0.012422360248447206,CD8+ T CD49f+,0.5133520727041546
81,21.176154997766933,21.277747257681913,403.4910583496094,238786.71875,0.5675273088381332,0.9983301440839192,0.3730886850152905,0.7246376811594203,0.4137614678899083,0.5760869565217391,0.0030581039755351682,0.9963768115942029,0.0015290519877675841,0.018115942028985508,0.0847926267281106,0.042409638554216866,CD8+ T CD57+ CD45RA+,0.5133520727041546
82,20.792683226360566,20.87534526019602,410.9364013671875,286331.40625,0.5369462695634102,1.0,0.38162544169611307,0.7108843537414966,0.2604240282685512,0.47619047619047616,0.0,0.0,0.0,0.0,0.18880597014925374,0.13762102351313968,CD8+ T CD57+ CD45RO+,0.5133520727041546
83,20.979057325586616,21.06601056058251,402.9136047363281,250369.125,0.6249650638167614,1.0,0.2642857142857143,0.8201438848920863,0.30428571428571427,0.6690647482014388,0.0,0.0,0.0,0.0,0.0782608695652174,0.028322440087145965,CD8+ T CD69+ CD45RA+,0.5133520727041546
84,20.051404951655748,20.144162022555975,366.8371276855469,234583.875,0.6067287370765979,1.0,0.44886363636363635,0.7624309392265194,0.7250000000000001,0.7734806629834254,0.0,0.0,0.0,0.0,0.031578947368421054,0.12454212454212454,CD8+ T CD69+ CD45RO+,0.5133520727041546
85,20.722593769168157,20.814260563408833,410.00567626953125,188287.46875,0.6316108301727771,1.0,0.42780748663101603,0.8260869565217391,0.6021390374331551,0.927536231884058,0.0,0.0,0.0,0.0,0.004006410256410256,0.0,CD8+ T TIGIT+ CD45RA+,0.5133520727041546
86,20.965512935113004,21.05812780352215,412.0006103515625,191874.796875,0.5680087152896292,1.0,0.4609053497942387,0.7610619469026548,0.3473251028806585,0.8097345132743363,0.0,0.0,0.0,0.0,0.007254464285714285,0.03274853801169591,CD8+ T TIGIT+ CD45RO+,0.5133520727041546
87,20.138453180879896,20.197397611781472,402.93316650390625,189108.40625,0.6150423443569863,1.0,0.4169381107491857,0.7241935483870968,0.36351791530944627,0.7370967741935484,0.0,0.0,0.0,0.0,0.3226890756302521,0.06950795683190049,CD8+ T naive,0.5133520727041546
88,20.192511748972535,20.276236955943627,399.6363525390625,405724.8125,0.58176069880382,1.0,0.27409261576971217,0.7913043478260869,0.24480600750938675,0.768944099378882,0.0,0.002484472049689441,0.0,0.0,0.23905943827563683,0.4736495388669302,Erythroblast,0.5133520727041546
89,21.148301176896144,21.26010606180799,427.10906982421875,246510.90625,0.5679051433456284,1.0,0.6851385390428212,0.6859296482412061,0.8204030226700253,0.8592964824120602,0.010075566750629723,0.002512562814070352,0.0012594458438287155,0.007537688442211055,0.1654357459379616,0.1678362573099415,G/M prog,0.5133520727041546
90,20.19058371593012,20.262462972254866,400.832763671875,167583.46875,0.5805054805688921,1.0,0.6133720930232558,0.5608308605341247,0.8668604651162792,0.9584569732937686,0.0,0.0,0.0,0.0,0.3289150711831124,0.15817223198594027,HSC,0.5133520727041546
91,21.199736238330154,21.303268707375803,431.28546142578125,295981.53125,0.4971428571428571,1.0,0.4146341463414634,0.851063829787234,0.3560975609756098,0.8723404255319149,0.0,0.0,0.0,0.0,0.13071895424836602,0.0,ILC,0.5133520727041546
92,21.652565806133094,21.74340043458944,438.697998046875,250911.1875,0.6396683673469388,1.0,0.6491228070175439,0.7857142857142857,0.5210526315789473,0.9464285714285714,0.0,0.0,0.0,0.0,0.042843232716650435,0.03585147247119078,ILC1,0.5133520727041546
93,20.70252517423124,20.80216849752789,386.6575012207031,321226.5625,0.7264170388182755,1.0,0.4738292011019284,0.8282548476454293,0.2796143250688705,0.775623268698061,0.0027548209366391185,0.0,0.0002754820936639119,0.002770083102493075,0.1913793103448276,0.4880112834978843,Lymph prog,0.5133520727041546
94,20.54242504867348,20.61819286431043,392.194091796875,254549.296875,0.6540743670886076,1.0,0.4,0.8378378378378378,0.3558823529411765,0.75,0.0,0.0,0.0,0.0,0.10445205479452054,0.12217412217412217,MAIT,0.5133520727041546
95,20.856721669685953,20.972663645081767,429.5568542480469,233911.953125,0.689950289550556,1.0,0.7899159663865546,0.7154471544715447,0.9957983193277311,0.9349593495934959,0.0,0.0,0.0,0.0,0.12991452991452992,0.10617283950617284,MK/E prog,0.5133520727041546
96,20.81778819851734,20.89938135817077,405.9096984863281,239294.828125,0.599333001393479,1.0,0.4594348222424795,0.5883952855847688,0.7678213309024613,0.7733454215775158,0.0,0.0,0.0,0.0,0.09143988124690747,0.12805403851681518,NK,0.5133520727041546
97,20.611557857545968,20.691754642516553,392.26727294921875,228480.3125,0.651258735370885,1.0,0.41402714932126694,0.7255813953488373,0.5278280542986425,0.9465116279069767,0.0,0.0,0.0,0.0,0.022503516174402254,0.13711001642036125,NK CD158e1+,0.5133520727041546
98,20.417077629727356,20.48737582202638,410.16107177734375,332516.5625,0.6133339308861248,1.0,0.2959459459459459,0.7264631043256997,0.31027027027027027,0.7938931297709924,0.0,0.0,0.0,0.0,0.18122690317812268,0.18887303851640513,Naive CD20+ B IGKC+,0.5133520727041546
99,20.917319561364383,20.999020189141564,428.74835205078125,364993.1875,0.7015616704498946,1.0,0.3333333333333333,0.6544117647058824,0.4531746031746032,0.6887254901960784,0.0,0.0,0.0,0.0,0.07906458797327394,0.06379585326953748,Naive CD20+ B IGKC-,0.5133520727041546
100,20.18445465535921,20.235546660878846,411.51287841796875,330761.3125,0.6413650794537225,1.0,0.32679738562091504,0.7272727272727273,0.18169934640522878,0.7744107744107744,0.0,0.0,0.0,0.0,0.416030534351145,0.4486486486486487,Normoblast,0.5133520727041546
101,22.249379359437068,22.45722102629683,479.07598876953125,248700.265625,0.7843440860215054,1.0,0.5263157894736842,0.7307692307692307,0.37017543859649127,0.9807692307692307,0.03508771929824561,0.0,0.0035087719298245615,0.019230769230769232,0.2088353413654618,0.03714285714285714,Plasma cell IGKC+,0.5133520727041546
102,23.101377605217195,23.190305749628173,512.7041015625,271179.09375,0.8260127931769723,1.0,0.7288135593220338,0.7209302325581395,0.7338983050847459,1.0,0.0,0.0,0.0,0.0,0.11184210526315788,0.048289738430583505,Plasma cell IGKC-,0.5133520727041546
103,22.3690213543761,22.550141495187383,473.0409240722656,242198.546875,0.9007468553459119,1.0,0.5098039215686274,0.88,0.4431372549019608,0.96,0.0196078431372549,0.0,0.00392156862745098,0.04,0.18095238095238095,0.0711111111111111,Plasmablast IGKC+,0.5133520727041546
104,20.441297433535727,20.551001588726187,413.2575378417969,434926.625,0.6160301654411233,1.0,0.37293729372937295,0.7123287671232876,0.2943894389438944,0.6472602739726028,0.006600660066006601,0.0410958904109589,0.0009900990099009901,0.00684931506849315,0.21944444444444444,0.32195676905574516,Proerythroblast,0.5133520727041546
105,20.424087132593886,20.469331545358873,423.5623779296875,272136.875,0.6151762324362944,1.0,0.15966386554621848,0.8610778443113772,0.06854741896758704,0.36407185628742517,0.0,0.0,0.0,0.0,0.49909801563439565,0.022428460943542148,Reticulocyte,0.5133520727041546
106,20.41266237929978,20.4992727594381,394.17059326171875,227586.890625,0.7174660633484162,1.0,0.5315315315315315,0.8125,0.4297297297297298,0.8035714285714286,0.0,0.0,0.0,0.0,0.06989247311827958,0.07466666666666666,T reg,0.5133520727041546
107,20.58601857272456,20.689457220752306,399.26904296875,316946.375,0.6082795127724812,1.0,0.3561643835616438,0.62,0.3986301369863014,0.78,0.0,0.006666666666666667,0.0,0.0,0.20741482965931865,0.3034825870646766,Transitional B,0.5133520727041546
108,20.31628201255425,20.40764011044319,407.2162780761719,270618.125,0.5336946368802056,1.0,0.6344410876132931,0.7587209302325582,0.495166163141994,0.8633720930232558,0.006042296072507553,0.0,0.0006042296072507553,0.0029069767441860465,0.22913256955810146,0.28945868945868947,cDC2,0.5133520727041546
109,20.788860378937443,20.844556902328573,409.3487548828125,304675.90625,0.7445557491289198,1.0,0.2302158273381295,0.8905109489051095,0.06906474820143886,0.36496350364963503,0.0,0.0,0.0,0.0,0.09813874788494077,0.07886904761904763,gdT CD158b+,0.5133520727041546
110,21.789246902011694,21.89242835743987,442.03173828125,276620.625,0.68122009569378,1.0,0.675,0.8571428571428571,0.4675,0.9761904761904762,0.0,0.0,0.0,0.0,0.05392156862745099,0.0,gdT TCRVD2+,0.5133520727041546
111,19.94445581925162,20.012747874260803,383.5650329589844,243248.5625,0.5241872667936177,1.0,0.6072423398328691,0.7844827586206896,0.38217270194986075,0.8304597701149425,0.0,0.0,0.0,0.0,0.33099579242636745,0.33193473193473194,pDC,0.5133520727041546
