,1-Wasserstein_PCA,2-Wasserstein_PCA,Linear_MMD_PCA,Poly_MMD_PCA,KNN identity,KNN identity PCA,precision,recall,density,coverage,precision_PCA,recall_PCA,density_PCA,coverage_PCA,KNN category,KNN category PCA,ct,global_f1
0,15.830322589492372,15.931991985183727,172.0401153564453,97150.9453125,0.8791163431803001,1.0,0.988481228668942,0.0,7.665699658703073,0.6133333333333333,0.0,0.0,0.0,0.0,0.14227580087507266,0.4994661541746744,CD14+ Mono,0.36024758992441164
1,18.735664284747575,18.809728598022833,310.4477233886719,112780.65625,0.9546170567516994,1.0,0.9420289855072463,0.0,1.9320652173913044,0.552536231884058,0.0,0.0,0.0,0.0,0.19555555555555554,0.0,CD16+ Mono,0.36024758992441164
2,22.700195130847742,22.754257211042585,465.5226135253906,104604.40625,1.0,1.0,0.0,0.0,0.0,0.0,0.0,0.0,0.0,0.0,0.012987012987012986,0.0,CD4+ T CD314+ CD45RA+,0.36024758992441164
3,15.98441964950115,16.051273350142154,220.33241271972656,41624.25,0.9150745658510657,0.9996975374544721,0.992,0.0,2.93215,0.42796309439318664,0.0375,0.0,0.00415,0.0042583392476933995,0.10422740524781342,0.0629231381919554,CD4+ T activated,0.36024758992441164
4,16.4913259601593,16.55641664195773,237.04278564453125,48944.13671875,0.9143814056558635,1.0,0.735,0.0,1.042,0.43,0.0,0.0,0.0,0.0,0.0,0.0,CD4+ T activated integrinB7+,0.36024758992441164
5,15.265140449163798,15.32187822870628,212.58999633789062,36527.29296875,0.8778726634793057,0.9996639717234052,0.998,0.0,1.7536000000000003,0.3983122362869198,0.0,0.0,0.0,0.0,0.2474747474747475,0.004878048780487806,CD4+ T naive,0.36024758992441164
6,17.067225957845718,17.13808586966909,248.3717803955078,44178.84765625,0.9314997405293202,1.0,0.6883116883116883,0.0,0.5032467532467533,0.5194805194805194,0.0,0.0,0.0,0.0,0.02777777777777778,0.0,CD8+ T CD49f+,0.36024758992441164
7,19.878517627716064,19.962340156631342,348.91510009765625,84159.03125,0.9855042016806723,1.0,0.5217391304347826,0.025362318840579712,0.13297101449275361,0.22826086956521738,0.0,0.0,0.0,0.0,0.03817504655493482,0.0,CD8+ T CD57+ CD45RA+,0.36024758992441164
8,19.429344748153174,19.490065701205708,339.6756896972656,83967.6015625,0.9880935506732813,1.0,0.8741496598639455,0.0,0.1435374149659864,0.10884353741496598,0.003401360544217687,0.0,0.00034013605442176874,0.003401360544217687,0.011538461538461537,0.0,CD8+ T CD57+ CD45RO+,0.36024758992441164
9,18.29780705541159,18.39431916696958,292.4766845703125,57724.078125,0.985608531345447,1.0,0.4028776978417266,0.0,0.28561151079136693,0.30935251798561153,0.0,0.0,0.0,0.0,0.003546099290780142,0.0,CD8+ T CD69+ CD45RA+,0.36024758992441164
10,17.924926583938177,17.99225826288268,277.6888122558594,55841.671875,0.9584922679427299,0.9944749694749695,0.3314917127071823,0.0,0.18342541436464088,0.35359116022099446,0.430939226519337,0.0,0.04309392265193371,0.0055248618784530384,0.0,0.0,CD8+ T CD69+ CD45RO+,0.36024758992441164
11,18.27346210664021,18.343686122161614,288.1484375,50680.078125,0.9442724458204335,1.0,0.8985507246376812,0.0,0.506280193236715,0.4057971014492754,0.0,0.0,0.0,0.0,0.04494382022471911,0.0,CD8+ T TIGIT+ CD45RA+,0.36024758992441164
12,18.4034920878115,18.475618024505476,293.5699157714844,52083.2578125,0.9175893759085421,1.0,1.0,0.0,0.5707964601769911,0.27876106194690264,0.02654867256637168,0.0,0.002654867256637168,0.004424778761061947,0.00646551724137931,0.0,CD8+ T TIGIT+ CD45RO+,0.36024758992441164
13,15.341518269815754,15.393684906407413,214.56370544433594,41078.98828125,0.9188269180413721,0.9991935478626092,0.9967741935483871,0.0,0.9564516129032259,0.25483870967741934,0.24516129032258063,0.0,0.024516129032258065,0.0016129032258064516,0.11702127659574468,0.06871345029239767,CD8+ T naive,0.36024758992441164
14,22.57523551135328,22.702903049097323,452.33477783203125,324283.40625,0.9962732401669094,1.0,0.6360248447204969,0.0,0.7325465838509317,0.4124223602484472,0.0,0.0,0.0,0.0,0.3204301075268817,0.041666666666666664,Erythroblast,0.36024758992441164
15,20.34919275350907,20.42533018463868,341.2286682128906,130690.46875,0.7660716568679051,0.9987437166102444,0.9824120603015075,0.0,6.134673366834171,0.8241206030150754,0.017587939698492462,0.0,0.0020100502512562816,0.007537688442211055,0.09682012339819648,0.0006265664160401003,G/M prog,0.36024758992441164
16,17.65602455082562,17.734455156861348,272.997314453125,97992.3984375,0.6608924547975703,1.0,0.9970326409495549,0.0,12.747181008902079,0.9198813056379822,0.0,0.0,0.0,0.0,0.1975975975975976,0.006997084548104956,HSC,0.36024758992441164
17,17.804117791196134,17.87890685831155,274.1337890625,45442.9453125,0.935909090909091,1.0,0.9148936170212766,0.0,0.3148936170212766,0.2127659574468085,0.0,0.0,0.0,0.0,0.0,0.0,ILC,0.36024758992441164
18,16.483311951160434,16.549332015741193,222.7409210205078,41786.17578125,0.9417681524586559,1.0,0.9642857142857143,0.0,0.47053571428571433,0.5892857142857143,0.0,0.0,0.0,0.0,0.0,0.0,ILC1,0.36024758992441164
19,21.113558774509595,21.206510309350133,324.1584777832031,222377.265625,0.8849424751243781,1.0,0.9584487534626038,0.013850415512465374,2.1385041551246537,0.6537396121883656,0.002770083102493075,0.0,0.0002770083102493075,0.002770083102493075,0.11007751937984496,0.0862992125984252,Lymph prog,0.36024758992441164
20,18.699450763496195,18.75961253061344,309.2388000488281,69290.53125,0.9763381182408899,0.996621583062261,0.3783783783783784,0.0,0.14256756756756758,0.25,0.0,0.0,0.0,0.0,0.0019175455417066154,0.0,MAIT,0.36024758992441164
21,20.274363649569885,20.356643599311713,364.43182373046875,198339.703125,0.6134680134680135,1.0,1.0,0.0,7.174796747967481,1.0,0.0,0.0,0.0,0.0,0.2043269230769231,0.0,MK/E prog,0.36024758992441164
22,20.161939926577165,20.27023930097596,359.3330993652344,87799.4921875,0.8543061507877044,0.9996482738725749,0.9735,0.0,1.4645000000000001,0.5040797824116047,0.2085,0.0,0.022400000000000003,0.004533091568449683,0.04981730869610607,0.0,NK,0.36024758992441164
23,20.320515734650357,20.42666795264819,366.23004150390625,88502.484375,0.831517578388232,1.0,0.8976744186046511,0.0,1.3774418604651164,0.6697674418604651,0.004651162790697674,0.0,0.00046511627906976747,0.002325581395348837,0.0245107005670386,0.0,NK CD158e1+,0.36024758992441164
24,25.69319147008063,25.755481044373948,619.849853515625,113555.1015625,0.9432021672066686,1.0,0.8155216284987278,0.0,0.9022900763358779,0.2951653944020356,0.0,0.0,0.0,0.0,0.16119141480508106,0.0,Naive CD20+ B IGKC+,0.36024758992441164
25,25.62960627032263,25.696658170263788,623.1245727539062,112684.8046875,0.9656458248129526,1.0,0.375,0.0024509803921568627,0.23725490196078433,0.2549019607843137,0.0,0.0,0.0,0.0,0.0,0.0,Naive CD20+ B IGKC-,0.36024758992441164
26,18.509250477106864,18.605738378266185,323.12640380859375,183228.953125,1.0,1.0,0.06397306397306397,0.0,0.006734006734006735,0.016835016835016835,0.0,0.0,0.0,0.0,0.07763975155279504,0.0,Normoblast,0.36024758992441164
27,20.784005641937256,20.855644020332168,369.4256896972656,90154.1796875,0.8109995217599235,1.0,1.0,0.019230769230769232,1.5173076923076925,0.5192307692307693,0.3076923076923077,0.0,0.06730769230769232,0.09615384615384616,0.02380952380952381,0.0,Plasma cell IGKC+,0.36024758992441164
28,21.69164253944574,21.76785223567787,390.67913818359375,94447.6328125,0.7262731481481481,0.9883705206220419,1.0,0.0,2.041860465116279,0.8837209302325582,0.023255813953488372,0.0,0.002325581395348837,0.023255813953488372,0.19285714285714287,0.0,Plasma cell IGKC-,0.36024758992441164
29,21.186937274932866,21.266341229443054,396.0697937011719,105107.2421875,0.8782467532467533,1.0,0.96,0.12,1.108,0.96,0.02,0.02,0.002,0.02,0.13953488372093023,0.0,Plasmablast IGKC+,0.36024758992441164
30,25.8047321659245,25.95144617763725,627.9232177734375,513579.03125,0.8944708583277791,1.0,0.9828767123287672,0.11301369863013698,4.3130136986301375,0.6883561643835616,0.0,0.0,0.0,0.0,0.12403100775193798,0.0009751340809361287,Proerythroblast,0.36024758992441164
31,16.491133083412038,16.5351621697903,264.7362365722656,132074.125,0.9994011973900812,1.0,0.7952095808383234,0.0,0.12239520958083833,0.015568862275449102,0.0,0.0,0.0,0.0,1.0,0.0,Reticulocyte,0.36024758992441164
32,18.021234384604863,18.095287307574345,278.35107421875,52092.8046875,0.9776674443181592,1.0,0.8125,0.0,0.33571428571428574,0.24107142857142858,0.017857142857142856,0.0,0.0017857142857142857,0.008928571428571428,0.0,0.0,T reg,0.36024758992441164
33,22.26880047162375,22.337918926538062,452.82342529296875,147030.21875,0.9933330370238678,1.0,0.6533333333333333,0.0,0.21566666666666667,0.19,0.0,0.0,0.0,0.0,0.11394217005439451,0.0,Transitional B,0.36024758992441164
34,18.21291221851526,18.305929971473436,280.9416809082031,158559.1875,0.6710945259777029,1.0,0.997093023255814,0.0,6.447674418604652,0.7877906976744186,0.0,0.0,0.0,0.0,0.19493293591654245,0.030107526881720435,cDC2,0.36024758992441164
35,19.658044780257843,19.729778326309205,345.543212890625,91348.3203125,1.0,1.0,0.051094890510948905,0.0,0.005839416058394161,0.021897810218978103,0.0,0.0,0.0,0.0,0.006402048655569781,0.0,gdT CD158b+,0.36024758992441164
36,19.65684840792701,19.73012585316863,334.09539794921875,66721.6484375,0.9761769710720363,1.0,0.6190476190476191,0.0,0.3380952380952381,0.6190476190476191,0.0,0.0,0.0,0.0,0.0,0.0,gdT TCRVD2+,0.36024758992441164
37,21.12578197457325,21.189826429662595,408.3515930175781,178656.703125,0.7690100150323096,1.0,0.9942528735632183,0.0,3.1112068965517246,0.7327586206896551,0.0,0.0,0.0,0.0,0.12072808320950966,0.0,pDC,0.36024758992441164
38,15.851637207917646,15.953160722930187,172.24586486816406,98107.390625,0.8779939436213335,1.0,0.9889078498293515,0.0,8.198890784982934,0.6353333333333333,0.0,0.0,0.0,0.0,0.19918612122510174,0.33311988616150834,CD14+ Mono,0.36024758992441164
39,18.63822329044342,18.71055154316076,306.8758850097656,110973.78125,0.9582608695652175,1.0,0.947463768115942,0.0,1.8268115942028986,0.5543478260869565,0.0,0.0,0.0,0.0,0.1387298628677939,0.0,CD16+ Mono,0.36024758992441164
40,15.958458586696521,16.026307775701937,221.186279296875,41861.26953125,0.9199638440363203,0.9996975374544721,0.9945,0.0,2.6982,0.42867281760113557,0.0215,0.0,0.00235,0.0035486160397444995,0.11926261911697392,0.06714739861983407,CD4+ T activated,0.36024758992441164
41,16.389813909530638,16.45558791402457,234.91427612304688,47959.26953125,0.9423092599908447,1.0,0.755,0.0,0.6535000000000001,0.415,0.01,0.0,0.001,0.005,0.0,0.0,CD4+ T activated integrinB7+,0.36024758992441164
42,15.270759769149993,15.330113873711245,213.0848388671875,36482.34375,0.8806198772968898,0.9996639717234052,0.999,0.0,1.73495,0.39746835443037976,0.0,0.0,0.0,0.0,0.24715549936788875,0.00692756441419543,CD4+ T naive,0.36024758992441164
43,17.164185369169555,17.233388983558804,254.94432067871094,46623.1875,0.9249059203900991,1.0,0.7142857142857143,0.006493506493506494,0.5675324675324676,0.5324675324675324,0.0,0.0,0.0,0.0,0.01840490797546012,0.0,CD8+ T CD49f+,0.36024758992441164
44,19.77374372620514,19.857151067260386,343.7247619628906,82476.40625,0.9855042016806723,1.0,0.5144927536231884,0.0,0.1289855072463768,0.1956521739130435,0.0,0.0,0.0,0.0,0.039097744360902256,0.0,CD8+ T CD57+ CD45RA+,0.36024758992441164
45,19.28119449226223,19.34775473074281,331.9331970214844,80086.53125,0.9897948557742373,1.0,0.8843537414965986,0.003401360544217687,0.15136054421768708,0.12244897959183673,0.013605442176870748,0.0,0.001360544217687075,0.006802721088435374,0.008469055374592836,0.0,CD8+ T CD57+ CD45RO+,0.36024758992441164
46,18.290958733867395,18.376323139467562,289.5049743652344,55133.8671875,0.9711991711991712,1.0,0.3597122302158273,0.0,0.2431654676258993,0.2805755395683453,0.0,0.0,0.0,0.0,0.00528169014084507,0.0,CD8+ T CD69+ CD45RA+,0.36024758992441164
47,17.719417371802567,17.784515522221906,271.55718994140625,53599.91796875,0.9668143621084797,0.9944749694749695,0.34806629834254144,0.0,0.1425414364640884,0.18232044198895028,0.4585635359116022,0.0,0.04640883977900553,0.011049723756906077,0.0,0.0,CD8+ T CD69+ CD45RO+,0.36024758992441164
48,18.29326813462853,18.367098278993556,289.0432434082031,50540.5703125,0.9369493908153702,1.0,0.927536231884058,0.0,0.5927536231884057,0.4396135265700483,0.004830917874396135,0.0,0.0004830917874396135,0.004830917874396135,0.054339010543390104,0.0,CD8+ T TIGIT+ CD45RA+,0.36024758992441164
49,18.402736895907243,18.472566127675936,295.0902099609375,52088.58203125,0.922099281560378,1.0,1.0,0.0,0.5889380530973451,0.3141592920353982,0.017699115044247787,0.0,0.0022123893805309734,0.008849557522123894,0.006676204101096805,0.0,CD8+ T TIGIT+ CD45RO+,0.36024758992441164
50,15.300273136938777,15.35845646363538,212.94078063964844,41042.1796875,0.9188269180413721,0.9983870925782845,0.9967741935483871,0.0,1.0674193548387096,0.267741935483871,0.22419354838709676,0.0,0.022419354838709677,0.0016129032258064516,0.09740259740259741,0.07731092436974789,CD8+ T naive,0.36024758992441164
51,22.397238022940485,22.521335203111374,446.4530029296875,317813.6875,0.9956520917219607,1.0,0.6360248447204969,0.0,0.7259627329192546,0.3826086956521739,0.0,0.0,0.0,0.0,0.15783736647046,0.03157063930544594,Erythroblast,0.36024758992441164
52,20.536740233550702,20.61840026855719,347.4034423828125,136964.796875,0.7660716568679051,1.0,0.9974874371859297,0.0,6.1447236180904525,0.8366834170854272,0.007537688442211055,0.0,0.0010050251256281408,0.005025125628140704,0.1096859796550199,0.0,G/M prog,0.36024758992441164
53,17.675754948964116,17.765759045580204,276.6122131347656,99736.4140625,0.6628690753690754,1.0,1.0,0.0,12.64480712166172,0.8961424332344213,0.002967359050445104,0.0,0.00029673590504451043,0.002967359050445104,0.24850746268656718,0.008746355685131196,HSC,0.36024758992441164
54,17.715717762074572,17.774109084663912,273.481201171875,45186.3828125,0.9466575871070253,1.0,0.8297872340425532,0.0,0.2893617021276596,0.2127659574468085,0.0,0.0,0.0,0.0,0.0,0.0,ILC,0.36024758992441164
55,16.67139484201159,16.73353906125778,231.5802764892578,44683.61328125,0.9417681524586559,1.0,0.9107142857142857,0.0,0.48839285714285713,0.5714285714285714,0.0,0.0,0.0,0.0,0.0,0.0,ILC1,0.36024758992441164
56,21.250743258362665,21.333793660046837,334.6365051269531,232689.796875,0.87917211532474,1.0,0.9418282548476454,0.008310249307479225,2.307202216066482,0.5484764542936288,0.002770083102493075,0.0,0.0002770083102493075,0.002770083102493075,0.11157975460122699,0.08593996840442339,Lymph prog,0.36024758992441164
57,18.644849493696885,18.709629914099843,306.95361328125,68965.8515625,0.9763381182408899,1.0,0.39864864864864863,0.0,0.15405405405405406,0.21621621621621623,0.0,0.0,0.0,0.0,0.0016778523489932886,0.0,MAIT,0.36024758992441164
58,20.125215165983363,20.244580084270538,365.7418212890625,196411.078125,0.6134680134680135,1.0,0.991869918699187,0.0,6.7024390243902445,1.0,0.016260162601626018,0.0,0.002439024390243903,0.016260162601626018,0.12833333333333333,0.0,MK/E prog,0.36024758992441164
59,20.17945292327016,20.291878891031327,359.87890625,88440.453125,0.8564712805542101,0.9996482738725749,0.9715,0.0,1.4386,0.47506799637352676,0.2195,0.0,0.02365,0.004533091568449683,0.0462102111566341,0.0,NK,0.36024758992441164
60,20.550133572068322,20.64819932011175,376.1690979003906,92742.953125,0.7568803933774607,1.0,0.8976744186046511,0.0,1.6572093023255814,0.786046511627907,0.0,0.0,0.0,0.0,0.02010906612133606,0.0,NK CD158e1+,0.36024758992441164
61,25.72928327458508,25.79016803939363,623.2715454101562,113625.9375,0.9329067755376786,1.0,0.821882951653944,0.0,0.945674300254453,0.3371501272264631,0.0,0.0,0.0,0.0,0.16342412451361868,0.0,Naive CD20+ B IGKC+,0.36024758992441164
62,25.766187644472303,25.83541875115212,628.6472778320312,115711.1015625,0.9619548951338182,1.0,0.33088235294117646,0.0024509803921568627,0.2409313725490196,0.2965686274509804,0.0,0.0,0.0,0.0,0.0,0.0,Naive CD20+ B IGKC-,0.36024758992441164
63,18.414864504778855,18.511531382778962,318.8530578613281,179689.265625,1.0,1.0,0.030303030303030304,0.0,0.0030303030303030307,0.003367003367003367,0.0,0.0,0.0,0.0,0.060126582278481014,0.0,Normoblast,0.36024758992441164
64,20.764671582442066,20.817900889408097,372.5042419433594,87323.359375,0.7894939759036144,1.0,1.0,0.019230769230769232,1.6365384615384617,0.5384615384615384,0.4423076923076923,0.0,0.08846153846153847,0.09615384615384616,0.02181818181818182,0.0,Plasma cell IGKC+,0.36024758992441164
65,21.143357942270683,21.25799715658925,358.495361328125,87827.1953125,0.754145225843339,0.9883705206220419,0.9767441860465116,0.0,1.772093023255814,0.8604651162790697,0.023255813953488372,0.0,0.002325581395348837,0.023255813953488372,0.16111111111111112,0.0,Plasma cell IGKC-,0.36024758992441164
66,21.805276260375976,21.863027317848196,415.97821044921875,112170.6484375,0.898989898989899,1.0,1.0,0.06,1.1,0.8,0.0,0.0,0.0,0.0,0.10934744268077601,0.0,Plasmablast IGKC+,0.36024758992441164
67,25.763261409655005,25.889292577653936,629.8229370117188,523484.75,0.906736854557284,1.0,0.9794520547945206,0.04452054794520548,4.507534246575342,0.6506849315068494,0.0,0.0,0.0,0.0,0.21428571428571427,0.0,Proerythroblast,0.36024758992441164
68,16.47605144477891,16.521038737088602,264.4058837890625,131729.796875,0.9994011973900812,1.0,0.8,0.0,0.12407185628742515,0.016766467065868262,0.0,0.0,0.0,0.0,1.0,0.0,Reticulocyte,0.36024758992441164
69,18.196999933038445,18.256418114857933,285.7450256347656,53506.37890625,0.9597564627208304,1.0,0.8214285714285714,0.0,0.39642857142857146,0.25892857142857145,0.017857142857142856,0.0,0.0017857142857142857,0.008928571428571428,0.0,0.0,T reg,0.36024758992441164
70,22.02814087549846,22.089130116217312,439.1919860839844,137821.453125,0.9933330370238678,1.0,0.6733333333333333,0.0,0.20600000000000002,0.13333333333333333,0.0,0.0,0.0,0.0,0.09631147540983608,0.0,Transitional B,0.36024758992441164
71,18.399616928987708,18.496255002857904,287.71728515625,167391.25,0.6653377181651666,1.0,0.997093023255814,0.0,6.496511627906976,0.7732558139534884,0.0,0.0,0.0,0.0,0.1933933933933934,0.029110512129380057,cDC2,0.36024758992441164
72,19.758875262128175,19.829403219699447,346.89056396484375,91442.828125,1.0,1.0,0.021897810218978103,0.0,0.0036496350364963502,0.021897810218978103,0.0,0.0,0.0,0.0,0.009195402298850575,0.0,gdT CD158b+,0.36024758992441164
73,19.49819376355126,19.545920327459772,331.0589599609375,63893.59765625,0.9880935506732813,1.0,0.7142857142857143,0.0,0.19761904761904764,0.40476190476190477,0.0,0.0,0.0,0.0,0.0,0.0,gdT TCRVD2+,0.36024758992441164
74,21.21812933614885,21.28149750272797,414.2242126464844,183535.65625,0.7789316064795908,1.0,0.9597701149425287,0.0,2.796264367816092,0.735632183908046,0.0,0.0,0.0,0.0,0.1596806387225549,0.0006367398917542185,pDC,0.36024758992441164
75,15.796621496348079,15.896919456846383,170.7250518798828,96690.59375,0.8742503697727578,1.0,0.9872013651877133,0.0,8.001066552901024,0.6296666666666667,0.0004266211604095563,0.0,4.266211604095563e-05,0.0003333333333333333,0.16602426837972875,0.24983991462113125,CD14+ Mono,0.36024758992441164
76,18.750914243684303,18.824526061543498,310.8008117675781,113267.7109375,0.9600815199526658,1.0,0.9293478260869565,0.0,1.8190217391304349,0.5597826086956522,0.0,0.0,0.0,0.0,0.10779436152570482,0.0,CD16+ Mono,0.36024758992441164
77,16.015397117519292,16.083901090812784,223.09463500976562,42343.1796875,0.9065358090019171,0.9996975374544721,0.995,0.0,3.0846,0.43789921930447123,0.028,0.0,0.0031000000000000003,0.0035486160397444995,0.12117971288717043,0.05611510791366906,CD4+ T activated,0.36024758992441164
78,16.3898171043396,16.4501969716996,233.68460083007812,47574.33984375,0.9092650468797258,1.0,0.745,0.0,0.8155,0.465,0.0,0.0,0.0,0.0,0.0,0.0,CD4+ T activated integrinB7+,0.36024758992441164
79,15.251737270974898,15.3122651994041,213.59544372558594,36629.58984375,0.8751140092912244,0.9996639717234052,0.9985,0.0,2.01845,0.41856540084388183,0.001,0.0,0.0001,0.0016877637130801688,0.19803080030295378,0.006097560975609757,CD4+ T naive,0.36024758992441164
80,17.10748480511951,17.18593633355316,245.64695739746094,43956.33203125,0.8916129032258064,1.0,0.6298701298701299,0.0,0.6922077922077923,0.551948051948052,0.0,0.0,0.0,0.0,0.020833333333333336,0.0,CD8+ T CD49f+,0.36024758992441164
81,19.647974629333067,19.732906763667586,337.1637268066406,78898.6796875,0.9782505910165484,1.0,0.5869565217391305,0.0,0.2101449275362319,0.30434782608695654,0.0,0.0,0.0,0.0,0.029325513196480937,0.0,CD8+ T CD57+ CD45RA+,0.36024758992441164
82,19.390048604433225,19.46599026037089,337.5808410644531,82121.3828125,0.9914959837324533,1.0,0.8809523809523809,0.003401360544217687,0.1564625850340136,0.09523809523809523,0.003401360544217687,0.0,0.00034013605442176874,0.003401360544217687,0.011580775911986103,0.0,CD8+ T CD57+ CD45RO+,0.36024758992441164
83,18.304505279595908,18.380579127811533,289.10809326171875,54850.15625,0.9711991711991712,1.0,0.39568345323741005,0.0,0.3057553956834533,0.39568345323741005,0.0,0.0,0.0,0.0,0.0015873015873015875,0.0,CD8+ T CD69+ CD45RA+,0.36024758992441164
84,17.662809904109054,17.73313151784434,271.6849060058594,52384.92578125,0.9806557502194739,0.9944749694749695,0.3314917127071823,0.0,0.12209944751381217,0.2265193370165746,0.5248618784530387,0.0,0.05303867403314917,0.011049723756906077,0.0,0.0,CD8+ T CD69+ CD45RO+,0.36024758992441164
85,18.254507654530975,18.33011060089787,288.9728698730469,49801.4765625,0.9442724458204335,1.0,0.9178743961352657,0.0,0.5502415458937198,0.5700483091787439,0.0,0.0,0.0,0.0,0.04085801838610828,0.0,CD8+ T TIGIT+ CD45RA+,0.36024758992441164
86,18.40525731365237,18.47303239607837,291.1954650878906,51547.484375,0.9288469106650925,1.0,1.0,0.0,0.5977876106194691,0.3274336283185841,0.01327433628318584,0.0,0.001327433628318584,0.004424778761061947,0.004347826086956522,0.0,CD8+ T TIGIT+ CD45RO+,0.36024758992441164
87,15.314844859030945,15.368779549765891,215.6533966064453,41247.3671875,0.9130623378682712,0.9983870925782845,0.9983870967741936,0.0,1.0759677419354838,0.267741935483871,0.22419354838709676,0.0,0.022419354838709677,0.0016129032258064516,0.1326442721791559,0.09048178613396003,CD8+ T naive,0.36024758992441164
88,22.452367853674048,22.582511764659664,445.2545471191406,318867.96875,0.9962732401669094,1.0,0.6708074534161491,0.0,0.7705590062111801,0.4012422360248447,0.0,0.0,0.0,0.0,0.3188593648736228,0.04071246819338422,Erythroblast,0.36024758992441164
89,20.52979261551672,20.618885631383314,348.8078308105469,133775.9375,0.7747822130299895,0.9987437166102444,0.9798994974874372,0.0,6.06356783919598,0.8266331658291457,0.022613065326633167,0.0,0.0025125628140703522,0.005025125628140704,0.12208067940552016,0.0,G/M prog,0.36024758992441164
90,17.83790488766632,17.912637222985552,283.1692810058594,105225.8203125,0.6608924547975703,1.0,1.0,0.0,12.530563798219585,0.9317507418397626,0.0,0.0,0.0,0.0,0.1975975975975976,0.006997084548104956,HSC,0.36024758992441164
91,17.820839090550198,17.87700453059895,275.9229431152344,45438.55078125,0.935909090909091,1.0,0.8723404255319149,0.0,0.25319148936170216,0.1702127659574468,0.0,0.0,0.0,0.0,0.0,0.0,ILC,0.36024758992441164
92,16.330214883599965,16.395336256918746,219.50682067871094,40686.02734375,0.9417681524586559,1.0,0.9553571428571429,0.0,0.6258928571428571,0.5357142857142857,0.0,0.0,0.0,0.0,0.0,0.0,ILC1,0.36024758992441164
93,21.40378013938418,21.490274336235615,343.6690673828125,245979.234375,0.8820600978554259,1.0,0.9722991689750693,0.008310249307479225,2.472853185595568,0.7091412742382271,0.002770083102493075,0.0,0.000554016620498615,0.00554016620498615,0.10266600430534857,0.08114891243725599,Lymph prog,0.36024758992441164
94,18.82665403469189,18.885177831514365,314.7310485839844,71548.8515625,0.9763381182408899,1.0,0.3783783783783784,0.0,0.12837837837837837,0.18243243243243243,0.0,0.0,0.0,0.0,0.0,0.0,MAIT,0.36024758992441164
95,20.118736150788088,20.22601999480209,360.9226379394531,192204.4375,0.5837246886586178,1.0,1.0,0.0,6.946341463414635,1.0,0.016260162601626018,0.0,0.0016260162601626018,0.016260162601626018,0.2504230118443317,0.0,MK/E prog,0.36024758992441164
96,20.23352755563952,20.341713578089017,364.2705993652344,90659.59375,0.853437917656714,0.9996482738725749,0.9635,0.0,1.4161000000000001,0.45058930190389845,0.198,0.0,0.02125,0.004533091568449683,0.05540250994796449,0.0,NK,0.36024758992441164
97,20.38905159262724,20.485737721284,369.7834777832031,90924.5078125,0.7929779167998154,1.0,0.9,0.0,1.47,0.6813953488372093,0.004651162790697674,0.0,0.00046511627906976747,0.002325581395348837,0.030708661417322834,0.0,NK CD158e1+,0.36024758992441164
98,25.749922805766726,25.811578612880115,624.583984375,112464.7578125,0.9354843166328252,1.0,0.8460559796437659,0.0,0.993765903307888,0.3651399491094148,0.0,0.0,0.0,0.0,0.16287139449143354,0.0,Naive CD20+ B IGKC+,0.36024758992441164
99,25.86990892653374,25.931013080954948,633.6575317382812,116845.46875,0.9582608695652175,1.0,0.32107843137254904,0.0024509803921568627,0.21568627450980393,0.2867647058823529,0.0,0.0,0.0,0.0,0.0,0.0,Naive CD20+ B IGKC-,0.36024758992441164
100,18.447446900184712,18.554113619182065,318.0982360839844,178887.8125,1.0,1.0,0.03367003367003367,0.02356902356902357,0.0033670033670033673,0.006734006734006734,0.0,0.0,0.0,0.0,0.05714285714285715,0.0,Normoblast,0.36024758992441164
101,20.868881225585938,20.9510601713194,376.0189514160156,87857.9765625,0.8109995217599235,1.0,1.0,0.057692307692307696,1.5980769230769232,0.5384615384615384,0.25,0.0,0.07500000000000001,0.09615384615384616,0.005390835579514826,0.0,Plasma cell IGKC+,0.36024758992441164
102,21.92848312023075,22.021073907750264,401.0791931152344,101932.421875,0.7262731481481481,0.9883705206220419,1.0,0.0,2.1627906976744184,0.9767441860465116,0.0,0.0,0.0,0.0,0.29437229437229434,0.0,Plasma cell IGKC-,0.36024758992441164
103,21.29002080917359,21.362376786485477,406.8559875488281,110560.2890625,0.8677652324280338,1.0,0.96,0.0,1.26,0.82,0.02,0.0,0.002,0.02,0.15609756097560973,0.0,Plasmablast IGKC+,0.36024758992441164
104,25.848201111571438,25.979249968805888,632.5850219726562,522576.75,0.8943957786769827,1.0,0.9794520547945206,0.0136986301369863,4.163698630136987,0.6506849315068494,0.0,0.0,0.0,0.0,0.12558267068823692,0.0,Proerythroblast,0.36024758992441164
105,16.45455971221009,16.499234630074024,264.099609375,131309.140625,0.9994011973900812,1.0,0.7664670658682635,0.0,0.1154491017964072,0.013173652694610778,0.0,0.0,0.0,0.0,1.0,0.0,Reticulocyte,0.36024758992441164
106,18.04174444505146,18.119738975636988,282.7157287597656,52554.19921875,0.9642401021711366,1.0,0.8392857142857143,0.017857142857142856,0.42053571428571435,0.3125,0.017857142857142856,0.0,0.0017857142857142857,0.008928571428571428,0.0,0.0,T reg,0.36024758992441164
107,22.12603583017985,22.192096453449064,444.756591796875,141693.140625,0.9883317451542015,1.0,0.69,0.0,0.2996666666666667,0.27,0.0,0.0,0.0,0.0,0.09072978303747534,0.0,Transitional B,0.36024758992441164
108,18.37151277065277,18.457451329314207,287.6082763671875,166026.96875,0.6710945259777029,1.0,1.0,0.00872093023255814,6.4723837209302335,0.7732558139534884,0.0,0.0,0.0,0.0,0.19523809523809527,0.04133333333333333,cDC2,0.36024758992441164
109,19.38901894283991,19.46353481346477,331.94482421875,85168.8984375,1.0,1.0,0.08029197080291971,0.0,0.013868613138686132,0.0364963503649635,0.0,0.0,0.0,0.0,0.0026160889470241986,0.0,gdT CD158b+,0.36024758992441164
110,19.723392622811453,19.800258563960313,333.13323974609375,67143.953125,0.9880935506732813,1.0,0.47619047619047616,0.0,0.2642857142857143,0.5476190476190477,0.0,0.0,0.0,0.0,0.0,0.0,gdT TCRVD2+,0.36024758992441164
111,21.11022591864925,21.176432583960853,408.8802185058594,179575.46875,0.7887435822919695,1.0,0.9741379310344828,0.0,3.2160919540229886,0.735632183908046,0.0,0.0,0.0,0.0,0.12130177514792899,0.0,pDC,0.36024758992441164
