,1-Wasserstein_PCA,2-Wasserstein_PCA,Linear_MMD_PCA,Poly_MMD_PCA,KNN identity,KNN identity PCA,precision,recall,density,coverage,precision_PCA,recall_PCA,density_PCA,coverage_PCA,KNN category,KNN category PCA,ct,global_f1
0,16.1315837542216,16.214061596559667,255.76177978515625,198001.890625,0.4776668524156449,1.0,0.4563333333333333,0.6213333333333333,0.7347000000000001,0.8453333333333334,0.0026666666666666666,0.0016666666666666668,0.00030000000000000003,0.0016666666666666668,0.1980477953550993,0.2439836149513569,CD14+ Mono,0.44722761750128504
1,17.312825234039963,17.406077919012304,317.7884216308594,191260.6875,0.7106284319505345,1.0,0.3423913043478261,0.8242753623188406,0.24583333333333335,0.6195652173913043,0.0,0.0018115942028985507,0.0,0.0,0.15947712418300652,0.11235955056179776,CD16+ Mono,0.44722761750128504
2,18.820230393182666,18.909978613752383,323.2392883300781,136824.28125,0.8792409430707302,1.0,0.38095238095238093,0.9523809523809523,0.18571428571428572,0.7619047619047619,0.0,0.0,0.0,0.0,0.125,0.0,CD4+ T CD314+ CD45RA+,0.44722761750128504
3,16.43866190900187,16.509282422680137,288.8751525878906,103798.7265625,0.6699660135059076,0.999645138351339,0.37544357700496805,0.6053938963804116,0.5731724627395316,0.8239886444286728,0.0361958836053939,0.0,0.00361958836053939,0.0014194464158978,0.09662509170946441,0.04077767470624613,CD4+ T activated,0.44722761750128504
4,16.610794987678528,16.695106648312713,281.6015930175781,109308.671875,0.6747967479674797,1.0,0.425,0.76,0.6400000000000001,0.975,0.015,0.0,0.0015,0.005,0.07407407407407407,0.0015232292460015233,CD4+ T activated integrinB7+,0.44722761750128504
5,17.02925020531763,17.119319449797402,309.6252746582031,97878.2109375,0.6205943342130075,0.99957805899661,0.2590717299578059,0.7181434599156118,0.41881856540084395,0.8118143459915612,0.043037974683544304,0.0,0.004303797468354431,0.0008438818565400844,0.058467454778521576,0.004850164559154686,CD4+ T naive,0.44722761750128504
6,17.89091753650021,17.984153600799402,328.873779296875,127814.484375,0.6164788316238233,1.0,0.5064935064935064,0.7532467532467533,0.6506493506493507,0.9415584415584416,0.0,0.0,0.0,0.0,0.04205128205128205,0.0,CD8+ T CD49f+,0.44722761750128504
7,16.859117155489727,16.994718235207962,281.4224548339844,126562.640625,0.6955522580136834,0.9981883998516587,0.38405797101449274,0.6920289855072463,0.6865942028985508,0.7717391304347826,0.03260869565217391,0.0,0.0032608695652173916,0.007246376811594203,0.03538961038961039,0.0,CD8+ T CD57+ CD45RA+,0.44722761750128504
8,15.586325846561769,15.731064585214684,242.98220825195312,114684.53125,0.7435897435897436,0.9965986001041245,0.46938775510204084,0.7482993197278912,0.30000000000000004,0.48299319727891155,0.24149659863945577,0.0,0.03435374149659864,0.006802721088435374,0.055900621118012424,0.02622950819672131,CD8+ T CD57+ CD45RO+,0.44722761750128504
9,15.49600925033899,15.585300820577205,247.1087188720703,113507.015625,0.6699930862651482,1.0,0.4172661870503597,0.7553956834532374,0.4388489208633094,0.6402877697841727,0.007194244604316547,0.04316546762589928,0.0007194244604316548,0.007194244604316547,0.04584304584304585,0.001298701298701299,CD8+ T CD69+ CD45RA+,0.44722761750128504
10,14.94483087866346,15.067463303143276,231.9202880859375,117599.5234375,0.6459172894088188,0.9972375479804338,0.43646408839779005,0.6795580110497238,0.99060773480663,0.9447513812154696,0.04419889502762431,0.0,0.004419889502762431,0.0055248618784530384,0.013266998341625208,0.08131147540983606,CD8+ T CD69+ CD45RO+,0.44722761750128504
11,17.278037983438242,17.376999817745336,303.69317626953125,120370.9140625,0.5243606655035956,0.9975845269698649,0.463768115942029,0.7729468599033816,0.8415458937198068,0.9516908212560387,0.06280193236714976,0.004830917874396135,0.0062801932367149765,0.004830917874396135,0.003930817610062893,0.0,CD8+ T TIGIT+ CD45RA+,0.44722761750128504
12,17.551982039898892,17.657716115528856,316.8465270996094,119853.203125,0.48580506457254835,0.9977875997905072,0.5752212389380531,0.7079646017699115,0.7867256637168142,0.9823008849557522,0.05752212389380531,0.0,0.006194690265486726,0.008849557522123894,0.007756948933419521,0.004310344827586207,CD8+ T TIGIT+ CD45RO+,0.44722761750128504
13,17.176442566225603,17.25760732639176,314.5150451660156,107337.5625,0.6416606734226872,1.0,0.3096774193548387,0.8403225806451613,0.2420967741935484,0.4693548387096774,0.0,0.0,0.0,0.0,0.08232367808713793,0.008689248895434463,CD8+ T naive,0.44722761750128504
14,16.521631602767098,16.60434017797637,289.5592346191406,238782.515625,0.6917341220423413,0.9987577620581953,0.3093167701863354,0.7614906832298136,0.4496894409937888,0.7664596273291926,0.04720496894409938,0.037267080745341616,0.004968944099378882,0.007453416149068323,0.22877358490566038,0.43109540636042404,Erythroblast,0.44722761750128504
15,19.701939845204958,19.898898191103843,414.3276062011719,165517.78125,0.7090547473377107,0.9949748426481821,0.6582914572864321,0.6381909547738693,0.5706030150753769,0.7839195979899497,0.10804020100502512,0.07788944723618091,0.023869346733668344,0.07537688442211055,0.045796308954203696,0.07820646506777894,G/M prog,0.44722761750128504
16,19.722532713802355,19.854931785038996,409.86053466796875,114700.0625,0.7400452187790929,0.9970326148210764,0.34124629080118696,0.8160237388724035,0.21186943620178045,0.712166172106825,0.06528189910979229,0.0,0.009198813056379823,0.011869436201780416,0.06470315398886828,0.004373177842565598,HSC,0.44722761750128504
17,15.52421849839231,15.693161190869352,236.43067932128906,129151.328125,0.7073754789272031,1.0,0.2553191489361702,0.9787234042553191,0.11489361702127661,0.7446808510638298,0.0,0.0,0.0,0.0,0.0392156862745098,0.0,ILC,0.44722761750128504
18,17.931473118918284,18.052425001526974,326.2403869628906,150686.34375,0.6561883309745451,1.0,0.6785714285714286,0.7053571428571429,0.93125,0.9910714285714286,0.0,0.0,0.0,0.0,0.07486033519553073,0.0014749262536873156,ILC1,0.44722761750128504
19,17.246712589528098,17.35751208742904,302.9980773925781,177533.765625,0.7951219512195122,0.9986149557917676,0.5290858725761773,0.7313019390581718,0.44792243767313017,0.8310249307479224,0.12465373961218837,0.0443213296398892,0.019667590027700833,0.038781163434903045,0.12555456965394854,0.18702064896755163,Lymph prog,0.44722761750128504
20,16.95961261439969,17.047358221276273,290.97686767578125,142369.828125,0.7023629964806435,1.0,0.44594594594594594,0.777027027027027,0.4756756756756757,0.7972972972972973,0.0,0.0,0.0,0.0,0.09836065573770492,0.0011185682326621924,MAIT,0.44722761750128504
21,22.80627350690888,23.086499063962577,520.412353515625,176295.59375,0.8333305791952409,1.0,0.7235772357723578,0.7479674796747967,0.526829268292683,0.6016260162601627,0.056910569105691054,0.008130081300813009,0.006504065040650407,0.016260162601626018,0.03164556962025316,0.02506265664160401,MK/E prog,0.44722761750128504
22,16.494055327781194,16.573164712223164,276.7681579589844,126375.625,0.6479155815303687,0.9977334500240114,0.4741613780598368,0.5240253853127833,1.3116047144152312,0.9129646418857661,0.10698096101541252,0.02629193109700816,0.01659111514052584,0.006346328195829556,0.07190877688221967,0.042790978654853006,NK,0.44722761750128504
23,16.921547868085483,17.018457533744808,289.0668029785156,123676.9921875,0.6940929839391378,0.9976744060270744,0.4744186046511628,0.5558139534883721,1.3006976744186047,0.9697674418604652,0.08604651162790698,0.004651162790697674,0.009069767441860466,0.011627906976744186,0.003912716328066215,0.04978354978354978,NK CD158e1+,0.44722761750128504
24,15.904101496737724,15.97737407969781,267.5221252441406,171719.15625,0.634115982683352,0.9993638674270582,0.2608142493638677,0.7620865139949109,0.3527989821882952,0.8384223918575063,0.001272264631043257,0.0,0.00012722646310432573,0.001272264631043257,0.12867132867132866,0.10091047040971168,Naive CD20+ B IGKC+,0.44722761750128504
25,16.104476512647153,16.179600073884583,263.90399169921875,179108.9375,0.6910869499379144,0.9987745079634455,0.28921568627450983,0.7769607843137255,0.49044117647058827,0.9142156862745098,0.0196078431372549,0.0,0.00196078431372549,0.0024509803921568627,0.06282436492761541,0.02826086956521739,Naive CD20+ B IGKC-,0.44722761750128504
26,15.927624871032407,16.047372591922404,276.7633361816406,172340.75,0.6958706420270528,1.0,0.27946127946127947,0.8047138047138047,0.21111111111111114,0.6734006734006734,0.0,0.016835016835016835,0.0,0.0,0.2567287784679089,0.011037527593818984,Normoblast,0.44722761750128504
27,18.980004622386055,19.106464646388936,381.41168212890625,90978.4921875,0.8546809501630181,1.0,0.28846153846153844,0.8846153846153846,0.08076923076923077,0.2692307692307692,0.038461538461538464,0.019230769230769232,0.0057692307692307696,0.057692307692307696,0.13670886075949368,0.0,Plasma cell IGKC+,0.44722761750128504
28,18.88720820670904,19.09679016504865,364.61578369140625,59992.1015625,0.8831521739130435,0.9883705206220419,0.6511627906976745,0.813953488372093,0.3813953488372093,0.8837209302325582,0.4883720930232558,0.06976744186046512,0.08139534883720931,0.16279069767441862,0.12931034482758622,0.0,Plasma cell IGKC-,0.44722761750128504
29,19.808351612091062,19.98760090051582,394.2380065917969,73465.6796875,0.8689384010484928,1.0,0.44,0.96,0.242,0.6,0.22,0.0,0.03,0.08,0.10937500000000001,0.0,Plasmablast IGKC+,0.44722761750128504
30,20.279600907678464,20.50632503880728,423.94586181640625,290093.21875,0.8033530641902669,0.9948629986365836,0.5034246575342466,0.7773972602739726,0.3928082191780822,0.476027397260274,0.05821917808219178,0.0273972602739726,0.0061643835616438354,0.00684931506849315,0.07107843137254902,0.08660075008523696,Proerythroblast,0.44722761750128504
31,16.024044417192833,16.109356139945948,273.7466125488281,139752.265625,0.7327671632226549,1.0,0.14251497005988023,0.9017964071856287,0.1125748502994012,0.4119760479041916,0.0,0.0,0.0,0.0,0.32661372429240476,0.0,Reticulocyte,0.44722761750128504
32,15.359331982476366,15.504790027405893,241.0812225341797,87461.6953125,0.7085143440571761,0.99553562531141,0.5089285714285714,0.7857142857142857,0.7419642857142857,0.9910714285714286,0.11607142857142858,0.008928571428571428,0.011607142857142858,0.008928571428571428,0.0196078431372549,0.0,T reg,0.44722761750128504
33,15.62257862408955,15.715707498180782,243.10142517089844,134115.1875,0.7171260942447384,1.0,0.2633333333333333,0.7366666666666667,0.305,0.8566666666666667,0.02,0.0,0.002,0.01,0.11114343904567937,0.10937500000000001,Transitional B,0.44722761750128504
34,19.89882266521455,20.082636713775287,419.18841552734375,215718.734375,0.6975427315376792,0.9970929986901593,0.49709302325581395,0.8226744186046512,0.35668604651162794,0.7296511627906976,0.0377906976744186,0.023255813953488372,0.008430232558139536,0.020348837209302327,0.23960273122284295,0.12689804772234273,cDC2,0.44722761750128504
35,15.86868600079613,15.976262370609323,250.08355712890625,126021.0234375,0.8683606469866012,1.0,0.3357664233576642,0.9416058394160584,0.2051094890510949,0.49635036496350365,0.0,0.0,0.0,0.0,0.04052936311000828,0.027065527065527065,gdT CD158b+,0.44722761750128504
36,17.774462154933385,17.90344868668512,326.70074462890625,128639.6015625,0.6785258681785967,1.0,0.5952380952380952,0.9523809523809523,0.40476190476190477,0.7619047619047619,0.5714285714285714,0.047619047619047616,0.05714285714285714,0.023809523809523808,0.07203389830508475,0.0,gdT TCRVD2+,0.44722761750128504
37,17.027675889004243,17.160827176927377,315.0245666503906,118783.453125,0.5646138890062978,0.9971264130533513,0.5201149425287356,0.7327586206896551,0.39798850574712646,0.8275862068965517,0.08045977011494253,0.008620689655172414,0.011494252873563218,0.008620689655172414,0.12187039764359352,0.030856423173803525,pDC,0.44722761750128504
38,16.237269832134277,16.320878479445284,258.57611083984375,200835.125,0.4611779585401561,1.0,0.4686666666666667,0.6483333333333333,0.702,0.8203333333333334,0.0023333333333333335,0.0023333333333333335,0.00023333333333333336,0.0006666666666666666,0.19760499241018722,0.24481116025859137,CD14+ Mono,0.44722761750128504
39,17.46997920672098,17.55861167748754,321.252197265625,195105.34375,0.6911893208089266,1.0,0.32608695652173914,0.8170289855072463,0.2851449275362319,0.717391304347826,0.0036231884057971015,0.04528985507246377,0.00036231884057971015,0.0036231884057971015,0.15789473684210525,0.10683760683760682,CD16+ Mono,0.44722761750128504
40,16.464036385838764,16.536825534540217,286.27935791015625,101466.2890625,0.6550682661333992,0.999645138351339,0.3420865862313698,0.6117814052519518,0.6239886444286729,0.8445706174591909,0.0454222853087296,0.0,0.00454222853087296,0.0007097232079489,0.08114833697499392,0.04343637093536732,CD4+ T activated,0.44722761750128504
41,17.22071957588196,17.29807569573184,307.284912109375,123586.5390625,0.7037483367226531,1.0,0.45,0.795,0.5095,0.995,0.005,0.03,0.0005,0.005,0.06060606060606061,0.0,CD4+ T activated integrinB7+,0.44722761750128504
42,17.230326612287435,17.318579475933912,316.8870544433594,102425.0625,0.603893322423915,0.99957805899661,0.249789029535865,0.7586497890295358,0.28151898734177216,0.579746835443038,0.04388185654008439,0.0,0.00438818565400844,0.0008438818565400844,0.07228358829782316,0.005791991941576429,CD4+ T naive,0.44722761750128504
43,17.469716901903038,17.55589268098855,312.72314453125,115128.359375,0.6752014173029064,1.0,0.44805194805194803,0.7857142857142857,0.6214285714285714,0.9675324675324676,0.0,0.0,0.0,0.0,0.03076923076923077,0.003375527426160338,CD8+ T CD49f+,0.44722761750128504
44,16.801404241202537,16.934895786540896,282.00152587890625,124342.046875,0.7136768655902788,0.9963768115942029,0.44565217391304346,0.7608695652173914,0.5771739130434782,0.7572463768115942,0.036231884057971016,0.14492753623188406,0.003623188405797102,0.007246376811594203,0.042244224422442245,0.0017921146953405016,CD8+ T CD57+ CD45RA+,0.44722761750128504
45,15.076903268593501,15.210171815998562,226.9025115966797,104648.484375,0.7523117281529705,0.9965986001041245,0.4965986394557823,0.7721088435374149,0.24625850340136057,0.445578231292517,0.30952380952380953,0.0,0.04727891156462585,0.01020408163265306,0.07621052631578948,0.02622950819672131,CD8+ T CD57+ CD45RO+,0.44722761750128504
46,16.083965274069804,16.215383707434494,258.7742919921875,121563.84375,0.7263599973751558,1.0,0.41007194244604317,0.7266187050359713,0.7359712230215828,0.9280575539568345,0.014388489208633094,0.007194244604316547,0.0014388489208633096,0.007194244604316547,0.038345864661654135,0.0038412291933418692,CD8+ T CD69+ CD45RA+,0.44722761750128504
47,14.534090126416956,14.664590860473224,214.0103759765625,102392.65625,0.7040251572327043,0.9972375479804338,0.4198895027624309,0.6353591160220995,1.0160220994475138,0.988950276243094,0.055248618784530384,0.022099447513812154,0.0071823204419889505,0.011049723756906077,0.012755102040816327,0.06644518272425248,CD8+ T CD69+ CD45RO+,0.44722761750128504
48,17.205186949835873,17.31248670061328,303.24371337890625,121377.0078125,0.5486601176939488,0.9951690821256038,0.5265700483091788,0.6859903381642513,1.3004830917874397,0.9855072463768116,0.043478260869565216,0.06280193236714976,0.004347826086956522,0.004830917874396135,0.002916514764855997,0.0009615384615384614,CD8+ T TIGIT+ CD45RA+,0.44722761750128504
49,17.15107035425912,17.25553770614277,301.1551818847656,111905.2109375,0.5593953338776319,0.9977875997905072,0.6238938053097345,0.7212389380530974,0.7415929203539824,0.8982300884955752,0.048672566371681415,0.0,0.0048672566371681415,0.004424778761061947,0.008298755186721993,0.004310344827586207,CD8+ T TIGIT+ CD45RO+,0.44722761750128504
50,16.871008460752424,16.96568008361413,302.3967590332031,99934.265625,0.688689430894309,0.9991935478626092,0.3209677419354839,0.7983870967741935,0.335,0.6387096774193548,0.0016129032258064516,0.07580645161290323,0.00016129032258064516,0.0016129032258064516,0.060047281323877065,0.01176293168451214,CD8+ T naive,0.44722761750128504
51,16.44084222390785,16.52273808674489,287.6371154785156,238296.671875,0.6738674253285615,0.9975155279503105,0.2720496894409938,0.7540372670807454,0.35739130434782607,0.6894409937888198,0.05962732919254658,0.115527950310559,0.006459627329192547,0.006211180124223602,0.2314876584389593,0.2911126662001399,Erythroblast,0.44722761750128504
52,19.361518811939952,19.524824661540592,393.7279052734375,154443.5,0.6928358526719183,0.9912060162717108,0.6859296482412061,0.6080402010050251,0.5884422110552764,0.8844221105527639,0.11306532663316583,0.1306532663316583,0.025879396984924627,0.08542713567839195,0.050486718363306385,0.10380622837370242,G/M prog,0.44722761750128504
53,19.892876475076623,20.050028578291304,408.85333251953125,116456.8828125,0.7843495069364302,0.9955488732397466,0.3353115727002967,0.8189910979228486,0.21572700296735908,0.8071216617210683,0.06231454005934718,0.01483679525222552,0.00830860534124629,0.01483679525222552,0.07382920110192838,0.0038872691933916426,HSC,0.44722761750128504
54,14.887592417128545,15.000039456362943,222.31175231933594,107466.828125,0.791037791037791,1.0,0.23404255319148937,0.9574468085106383,0.08297872340425533,0.48936170212765956,0.0,0.02127659574468085,0.0,0.0,0.010416666666666668,0.0,ILC,0.44722761750128504
55,17.342665374279022,17.456678080308475,302.85980224609375,131472.125,0.6378109452736319,1.0,0.6785714285714286,0.6607142857142857,1.1500000000000001,0.9821428571428571,0.008928571428571428,0.0,0.0008928571428571428,0.008928571428571428,0.10694333599361532,0.002699055330634278,ILC1,0.44722761750128504
56,17.41387856766129,17.517829461117042,303.37646484375,179412.15625,0.7776279775222134,0.997229916897507,0.5096952908587258,0.8060941828254847,0.3919667590027701,0.7700831024930748,0.11634349030470914,0.04709141274238227,0.01662049861495845,0.038781163434903045,0.14877300613496933,0.15689149560117302,Lymph prog,0.44722761750128504
57,16.69538789182096,16.779798554452817,279.9676818847656,134442.8125,0.625911625911626,1.0,0.43243243243243246,0.8040540540540541,0.3418918918918919,0.6013513513513513,0.0,0.0,0.0,0.0,0.11657142857142858,0.004784688995215312,MAIT,0.44722761750128504
58,21.013792386869106,21.31246300314333,462.3957824707031,171996.109375,0.8008097165991903,1.0,0.6910569105691057,0.7235772357723578,0.4853658536585366,0.8048780487804879,0.04878048780487805,0.016260162601626018,0.008130081300813009,0.032520325203252036,0.03571428571428571,0.020522388059701493,MK/E prog,0.44722761750128504
59,16.582614946235662,16.660578542831722,282.10992431640625,128430.2734375,0.6298760442133362,0.998186757410992,0.4959202175883953,0.5031731640979148,1.3392565729827743,0.8893925657298277,0.10788757932910245,0.0009066183136899365,0.015140525838621941,0.006346328195829556,0.062252295795070085,0.04651416122004357,NK,0.44722761750128504
60,17.242581487256434,17.331599613326162,303.3976135253906,133348.8125,0.7074734413096482,0.9976744060270744,0.47674418604651164,0.541860465116279,1.3455813953488374,0.9697674418604652,0.06976744186046512,0.0069767441860465115,0.008139534883720932,0.011627906976744186,0.005335522265544839,0.0676841406768414,NK CD158e1+,0.44722761750128504
61,15.679767063859163,15.74948954489762,259.9576416015625,166320.25,0.6609303618667454,0.9987277353689568,0.26463104325699743,0.7353689567430025,0.42608142493638684,0.8371501272264631,0.003816793893129771,0.4631043256997455,0.0003816793893129771,0.001272264631043257,0.11210526315789474,0.08153730218538055,Naive CD20+ B IGKC+,0.44722761750128504
62,16.171277090614925,16.25358343414779,267.31640625,182637.671875,0.6509056363052292,0.9987745079634455,0.34068627450980393,0.6985294117647058,0.5333333333333333,0.7990196078431373,0.0196078431372549,0.0024509803921568627,0.00196078431372549,0.0024509803921568627,0.0593619972260749,0.032448377581120944,Naive CD20+ B IGKC-,0.44722761750128504
63,16.054420238392115,16.200114059189424,280.39093017578125,176488.96875,0.6410138638753581,1.0,0.26262626262626265,0.8148148148148148,0.17205387205387207,0.6296296296296297,0.0,0.0,0.0,0.0,0.2650439486139283,0.006666666666666667,Normoblast,0.44722761750128504
64,17.630817835147568,17.758205397724005,333.150634765625,63046.0078125,0.9326860841423948,1.0,0.23076923076923078,0.8846153846153846,0.08653846153846155,0.28846153846153844,0.09615384615384616,0.0,0.015384615384615385,0.09615384615384616,0.2278481012658228,0.0,Plasma cell IGKC+,0.44722761750128504
65,20.30339793271796,20.51049940004927,410.9107971191406,90336.640625,0.9534883720930233,0.9883705206220419,0.6976744186046512,0.813953488372093,0.4162790697674419,0.7674418604651163,0.3953488372093023,0.023255813953488372,0.04883720930232558,0.046511627906976744,0.08187134502923976,0.0,Plasma cell IGKC-,0.44722761750128504
66,18.730601959228512,18.908391617468958,364.16015625,61943.63671875,0.8572011423908608,1.0,0.36,0.98,0.17800000000000002,0.44,0.3,0.0,0.046000000000000006,0.1,0.11538461538461538,0.0,Plasmablast IGKC+,0.44722761750128504
67,20.629997854363427,20.834894446144457,438.0088195800781,295519.75,0.7983514683618269,0.994862878137031,0.5136986301369864,0.6986301369863014,0.3527397260273973,0.4828767123287671,0.03767123287671233,0.11643835616438356,0.003767123287671233,0.003424657534246575,0.05877413937867339,0.07742316784869976,Proerythroblast,0.44722761750128504
68,16.17372828614926,16.26392775697048,279.12921142578125,141703.296875,0.7123301263454613,1.0,0.1497005988023952,0.8970059880239521,0.09125748502994013,0.35808383233532937,0.0,0.0,0.0,0.0,0.32682132682132686,0.0,Reticulocyte,0.44722761750128504
69,15.842657012598858,15.982748566008386,260.0295104980469,93192.0859375,0.6886820955949,0.99553562531141,0.49107142857142855,0.7767857142857143,0.7017857142857143,0.9821428571428571,0.07142857142857142,0.0,0.007142857142857143,0.008928571428571428,0.029752066115702486,0.0012642225031605561,T reg,0.44722761750128504
70,15.98391815503438,16.08966730235754,259.0813903808594,149887.0625,0.6947761106758195,1.0,0.27666666666666667,0.7466666666666667,0.3676666666666667,0.67,0.02666666666666667,0.02666666666666667,0.003,0.013333333333333334,0.15903614457831325,0.07828418230563003,Transitional B,0.44722761750128504
71,19.905530319657444,20.06823740737176,405.8553161621094,206831.78125,0.6596765709809188,0.997093023255814,0.502906976744186,0.7965116279069767,0.37267441860465117,0.6744186046511628,0.02616279069767442,0.04941860465116279,0.004941860465116279,0.011627906976744186,0.13436293436293437,0.1236323851203501,cDC2,0.44722761750128504
72,16.341531231455555,16.435580272860587,266.4627685546875,147501.640625,0.8903649167733675,1.0,0.35036496350364965,0.927007299270073,0.32262773722627736,0.635036496350365,0.0,0.0,0.0,0.0,0.05765765765765766,0.028195488721804513,gdT CD158b+,0.44722761750128504
73,17.897185075850718,18.046688040962373,324.4200134277344,131048.5703125,0.7499645641389086,1.0,0.6190476190476191,0.9761904761904762,0.4404761904761905,0.9761904761904762,0.6190476190476191,0.0,0.06190476190476191,0.023809523809523808,0.06451612903225806,0.0,gdT TCRVD2+,0.44722761750128504
74,17.11303283428324,17.240086002031063,306.9923095703125,117648.3671875,0.5980295566502463,0.9956896462743721,0.5057471264367817,0.6867816091954023,0.4649425287356322,0.8793103448275862,0.07183908045977011,0.2557471264367816,0.009195402298850575,0.008620689655172414,0.12205882352941175,0.019689119170984457,pDC,0.44722761750128504
75,16.166098345915472,16.248464909588588,255.00604248046875,198075.9375,0.4936582661056277,1.0,0.45366666666666666,0.6436666666666667,0.6720333333333334,0.841,0.0026666666666666666,0.006333333333333333,0.00030000000000000003,0.0013333333333333333,0.19787771601819099,0.2443762781186094,CD14+ Mono,0.44722761750128504
76,17.470695366030156,17.55749658283601,317.243896484375,192333.328125,0.7391270101739417,1.0,0.35144927536231885,0.8405797101449275,0.25018115942028984,0.5833333333333334,0.0036231884057971015,0.0018115942028985507,0.00036231884057971015,0.0018115942028985507,0.1960352422907489,0.11181434599156118,CD16+ Mono,0.44722761750128504
77,16.451103332619713,16.51589749158869,289.4903259277344,102323.2578125,0.6298952949401311,0.999645138351339,0.37189496096522356,0.6245564229950319,0.5506742370475515,0.7835344215755855,0.043293115684882894,0.0,0.004329311568488289,0.0014194464158978,0.09711573566995255,0.04591310208293844,CD4+ T activated,0.44722761750128504
78,16.9312611246109,17.022122218040508,291.0194091796875,119246.4140625,0.6974981093631835,1.0,0.465,0.775,0.5815,0.945,0.005,0.0,0.0005,0.005,0.05783866057838661,0.0008291873963515756,CD4+ T activated integrinB7+,0.44722761750128504
79,17.094581292550778,17.18259297123219,317.1120910644531,101144.171875,0.626526359498716,0.99957805899661,0.28270042194092826,0.7164556962025317,0.30405063291139245,0.7645569620253164,0.04219409282700422,0.0,0.004219409282700422,0.0008438818565400844,0.08956059333893088,0.006692913385826771,CD4+ T naive,0.44722761750128504
80,17.787117202560623,17.883603143930785,329.2532653808594,127342.9375,0.6493506493506493,1.0,0.564935064935065,0.7727272727272727,0.6383116883116884,0.9935064935064936,0.0,0.0,0.0,0.0,0.032882011605415866,0.001831501831501832,CD8+ T CD49f+,0.44722761750128504
81,16.538909193398297,16.649083680816652,271.9471740722656,115572.4296875,0.7481875793805771,0.9981883998516587,0.41304347826086957,0.7608695652173914,0.3952898550724638,0.7355072463768116,0.043478260869565216,0.0,0.004710144927536232,0.007246376811594203,0.03937007874015748,0.0004512635379061372,CD8+ T CD57+ CD45RA+,0.44722761750128504
82,15.458876569254878,15.599736956772938,236.50131225585938,115622.4765625,0.7279987431593831,0.9965986001041245,0.4931972789115646,0.7619047619047619,0.23843537414965987,0.4013605442176871,0.2653061224489796,0.02040816326530612,0.036734693877551024,0.01020408163265306,0.06116015132408574,0.028799999999999996,CD8+ T CD57+ CD45RO+,0.44722761750128504
83,15.786273428004423,15.912740138467596,251.98423767089844,120961.484375,0.6760593220338983,0.996402831153035,0.38848920863309355,0.6906474820143885,0.5719424460431655,0.6834532374100719,0.014388489208633094,0.41007194244604317,0.0014388489208633096,0.007194244604316547,0.04529480671612651,0.0,CD8+ T CD69+ CD45RA+,0.44722761750128504
84,14.864817993416969,14.97140859016716,229.01541137695312,116927.96875,0.6490308726553048,0.9972375479804338,0.4198895027624309,0.6795580110497238,1.0033149171270719,0.9502762430939227,0.049723756906077346,0.0,0.0055248618784530384,0.011049723756906077,0.018790849673202614,0.08722741433021806,CD8+ T CD69+ CD45RO+,0.44722761750128504
85,17.203219469042793,17.310088200872745,304.010009765625,117481.2890625,0.6191530875916258,0.9975845269698649,0.4927536231884058,0.6859903381642513,0.9806763285024154,0.9468599033816425,0.10628019323671498,0.00966183574879227,0.010628019323671498,0.004830917874396135,0.001594896331738437,0.0,CD8+ T TIGIT+ CD45RA+,0.44722761750128504
86,17.199499320139928,17.301227098207356,301.67291259765625,112370.0078125,0.6638230963136746,0.9977875997905072,0.6283185840707964,0.6415929203539823,1.0296460176991151,0.9646017699115044,0.048672566371681415,0.0,0.0048672566371681415,0.004424778761061947,0.009167303284950343,0.00547112462006079,CD8+ T TIGIT+ CD45RO+,0.44722761750128504
87,17.17405922028325,17.267259191666856,311.2467956542969,107669.6953125,0.6870568829013063,1.0,0.3032258064516129,0.817741935483871,0.3138709677419355,0.6435483870967742,0.0,0.0,0.0,0.0,0.10007880220646177,0.011124677791344458,CD8+ T naive,0.44722761750128504
88,16.597540988092845,16.698966822997086,292.9546813964844,243176.0,0.6701698318071007,0.9981366452438738,0.26956521739130435,0.7192546583850932,0.3684472049689441,0.7614906832298136,0.06335403726708075,0.0670807453416149,0.006956521739130435,0.006211180124223602,0.229502688172043,0.4374563242487771,Erythroblast,0.44722761750128504
89,19.511678580662704,19.68086606135597,407.69073486328125,163711.359375,0.6841269841269841,0.9949748743718593,0.6457286432160804,0.7060301507537688,0.6527638190954774,0.9195979899497487,0.0728643216080402,0.09045226130653267,0.018592964824120605,0.0728643216080402,0.055535390199637026,0.10948905109489052,G/M prog,0.44722761750128504
90,20.208080396454115,20.37909113587185,437.65704345703125,126483.953125,0.7594320915844857,0.9970326148210764,0.2997032640949555,0.8367952522255193,0.18338278931750743,0.6320474777448071,0.06824925816023739,0.0,0.008902077151335312,0.01483679525222552,0.06354436337961875,0.0049979175343606835,HSC,0.44722761750128504
91,14.895993293599878,15.086031538381263,220.08885192871094,100123.0078125,0.7925908721402858,1.0,0.1702127659574468,0.9574468085106383,0.057446808510638304,0.3404255319148936,0.0,0.0425531914893617,0.0,0.0,0.008333333333333335,0.0,ILC,0.44722761750128504
92,17.55429640838079,17.65839555245432,308.7497253417969,134591.40625,0.6242225859247135,1.0,0.6696428571428571,0.6607142857142857,1.1151785714285714,1.0,0.008928571428571428,0.0,0.0008928571428571428,0.008928571428571428,0.05686274509803923,0.0,ILC1,0.44722761750128504
93,17.23835170169946,17.363018631516223,302.54339599609375,178762.046875,0.7913970044378698,1.0,0.46537396121883656,0.8365650969529086,0.3434903047091413,0.775623268698061,0.10249307479224377,0.019390581717451522,0.013850415512465375,0.036011080332409975,0.14763374485596706,0.18857979502196193,Lymph prog,0.44722761750128504
94,16.56887028668378,16.649100766398035,280.7603454589844,133807.78125,0.6880355588140953,0.996621583062261,0.4594594594594595,0.7432432432432432,0.4297297297297298,0.8040540540540541,0.0,0.23648648648648649,0.0,0.0,0.07587687902648532,0.012820512820512822,MAIT,0.44722761750128504
95,23.390020013824707,23.71477348287526,549.7828979492188,196484.078125,0.8331099528418962,1.0,0.6747967479674797,0.7723577235772358,0.4520325203252033,0.5934959349593496,0.04065040650406504,0.024390243902439025,0.004878048780487806,0.016260162601626018,0.024509803921568627,0.02506265664160401,MK/E prog,0.44722761750128504
96,16.634216807478705,16.715926383762884,280.80810546875,129422.171875,0.6246538049782534,0.9977334500240114,0.48322756119673616,0.514959202175884,1.2640072529465096,0.8966455122393472,0.11786038077969176,0.017225747960108794,0.018041704442429737,0.008159564823209429,0.0837039672656111,0.046749293324635795,NK,0.44722761750128504
97,17.074167244933367,17.16624574344024,295.1095275878906,126510.8203125,0.7530556518723994,0.9976744060270744,0.46511627906976744,0.5581395348837209,1.2316279069767442,0.9744186046511628,0.07906976744186046,0.009302325581395349,0.009069767441860466,0.011627906976744186,0.008463251670378619,0.06633543708876057,NK CD158e1+,0.44722761750128504
98,15.908970260134806,15.98570094876178,268.848876953125,175234.515625,0.6062066031397685,1.0,0.2824427480916031,0.772264631043257,0.2821882951653944,0.7162849872773537,0.0,0.002544529262086514,0.0,0.0,0.09964912280701754,0.10401188707280831,Naive CD20+ B IGKC+,0.44722761750128504
99,16.033453473857794,16.11652888835844,263.6556091308594,176962.640625,0.6708559782608694,1.0,0.28921568627450983,0.7647058823529411,0.3892156862745098,0.875,0.0196078431372549,0.0,0.00196078431372549,0.0024509803921568627,0.04819791000213266,0.028075184392100883,Naive CD20+ B IGKC-,0.44722761750128504
100,15.560281601016367,15.672434027484723,260.6602478027344,163608.75,0.7126493072145246,1.0,0.23232323232323232,0.8383838383838383,0.11548821548821549,0.531986531986532,0.0,0.05723905723905724,0.0,0.0,0.2006048387096774,0.0,Normoblast,0.44722761750128504
101,18.97770492847149,19.12145860506289,375.9305725097656,89730.3984375,0.9132610508757297,1.0,0.25,0.8846153846153846,0.10192307692307692,0.4423076923076923,0.09615384615384616,0.0,0.015384615384615385,0.07692307692307693,0.16233766233766234,0.0,Plasma cell IGKC+,0.44722761750128504
102,19.19666015270144,19.375312160487,377.8511047363281,72351.703125,0.9534883720930233,0.9883705206220419,0.5348837209302325,0.9069767441860465,0.32790697674418606,0.9534883720930233,0.5348837209302325,0.023255813953488372,0.07674418604651163,0.11627906976744186,0.10847457627118644,0.0,Plasma cell IGKC-,0.44722761750128504
103,19.412890911102302,19.631073341194153,391.20208740234375,73110.9140625,0.8579545454545454,1.0,0.62,0.92,0.31400000000000006,0.48,0.32,0.04,0.052000000000000005,0.16,0.16161616161616163,0.0,Plasmablast IGKC+,0.44722761750128504
104,20.3035665570873,20.498981043928218,419.419677734375,293035.84375,0.8173600047205996,0.9965753022999425,0.5102739726027398,0.702054794520548,0.3825342465753425,0.4863013698630137,0.04452054794520548,0.05821917808219178,0.004452054794520548,0.010273972602739725,0.11512195121951219,0.10431372549019607,Proerythroblast,0.44722761750128504
105,15.97426484844641,16.059677843341184,270.43695068359375,137153.375,0.7293535798547777,1.0,0.12694610778443113,0.9149700598802395,0.07592814371257485,0.3461077844311377,0.0,0.010778443113772455,0.0,0.0,0.32867840518113745,0.0,Reticulocyte,0.44722761750128504
106,15.529125307287485,15.639838300028647,250.0644989013672,93304.03125,0.7186097984088053,0.99553562531141,0.4732142857142857,0.8214285714285714,0.5651785714285714,0.9553571428571429,0.044642857142857144,0.0,0.004464285714285715,0.008928571428571428,0.054644808743169404,0.0,T reg,0.44722761750128504
107,15.85314699172974,15.964065372242393,257.18377685546875,148261.75,0.6281280327972935,1.0,0.19333333333333333,0.8066666666666666,0.193,0.58,0.02666666666666667,0.0033333333333333335,0.0033333333333333335,0.016666666666666666,0.15903614457831325,0.10212201591511937,Transitional B,0.44722761750128504
108,19.449150967043508,19.59411782838816,400.3429870605469,205061.484375,0.7211997494923753,0.9985465085572196,0.5319767441860465,0.8401162790697675,0.3363372093023256,0.7063953488372093,0.020348837209302327,0.19767441860465115,0.0029069767441860465,0.01744186046511628,0.14135338345864662,0.12030905077262695,cDC2,0.44722761750128504
109,16.143945645241843,16.252065005812664,251.80615234375,133794.984375,0.8575105007000468,1.0,0.39416058394160586,0.8978102189781022,0.40948905109489053,0.656934306569343,0.0072992700729927005,0.0,0.0007299270072992701,0.0072992700729927005,0.04120879120879121,0.0261437908496732,gdT CD158b+,0.44722761750128504
110,18.14018921625047,18.23444813146179,322.75335693359375,134955.46875,0.7682590387686946,1.0,0.6190476190476191,1.0,0.5142857142857143,0.9285714285714286,0.40476190476190477,0.0,0.04047619047619048,0.023809523809523808,0.04040404040404041,0.0,gdT TCRVD2+,0.44722761750128504
111,17.188181383856396,17.31911769763919,312.5225524902344,117398.15625,0.6148475448799633,0.9971264130533513,0.4885057471264368,0.764367816091954,0.32787356321839084,0.8132183908045977,0.08620689655172414,0.0028735632183908046,0.012068965517241381,0.008620689655172414,0.10782380013149244,0.022448979591836737,pDC,0.44722761750128504
