,1-Wasserstein_PCA,2-Wasserstein_PCA,Linear_MMD_PCA,Poly_MMD_PCA,KNN identity,KNN identity PCA,precision,recall,density,coverage,precision_PCA,recall_PCA,density_PCA,coverage_PCA,KNN category,KNN category PCA,ct,global_f1
0,5.382199749072385,5.46535929638006,26.14215087890625,4114.537109375,0.7519849563392642,0.9973333143702354,0.21266666666666667,0.341,0.8889333333333334,0.925,0.37766666666666665,0.011333333333333334,0.0573,0.042,0.49706621961441744,0.47275922671353254,Body_wall_muscle,0.35922023529969915
1,5.954595436517522,6.092245343702626,42.24864196777344,4398.888671875,0.8456445071415977,0.9936001023574192,0.31728492501973166,0.14910858995137763,2.068902920284136,0.9586709886547812,0.47750591949486976,0.01620745542949757,0.08413575374901343,0.06320907617504051,0.1187330623306233,0.118076792388719,Ciliated_amphid_neuron,0.35922023529969915
2,5.9820072905698725,6.113783544724953,41.43911361694336,1618.4384765625,0.8039907445148078,0.9933810375670842,0.3210702341137124,0.16375545851528384,2.455964325529543,0.9814410480349345,0.5362318840579711,0.012008733624454149,0.08974358974358976,0.06441048034934498,0.10970873786407769,0.0509915014164306,Ciliated_non_amphid_neuron,0.35922023529969915
3,5.944306090906045,6.047699383453132,37.90227508544922,3024.5224609375,0.7838030450275348,0.9969586880760235,0.2916666666666667,0.4409937888198758,0.5464285714285715,0.7701863354037267,0.3392857142857143,0.055900621118012424,0.061309523809523814,0.08695652173913043,0.24153846153846154,0.06753246753246753,Coelomocyte,0.35922023529969915
4,5.932102333058366,6.067374141513017,29.37586784362793,457.40966796875,0.8638655462184874,0.950609756097561,0.6666666666666666,0.42857142857142855,0.9256410256410258,0.6190476190476191,1.0,0.0,0.28461538461538466,0.14285714285714285,0.11764705882352941,0.0,Excretory_cell,0.35922023529969915
5,7.355591584833302,7.588201967377497,48.29124069213867,1037.803466796875,0.6182468694096601,0.9896863370547582,0.16326530612244897,0.625,0.14081632653061224,1.0,0.3877551020408163,0.041666666666666664,0.06530612244897958,0.08333333333333333,0.0,0.0,Excretory_gland,0.35922023529969915
6,6.383563570715859,6.583025272723325,39.23411560058594,313.9148864746094,0.8178267520085539,0.9961683573850875,0.3511450381679389,0.4307692307692308,0.8824427480916031,1.0,0.21374045801526717,0.015384615384615385,0.03587786259541985,0.09230769230769231,0.14207650273224043,0.0021645021645021645,GLR,0.35922023529969915
7,5.424520785991961,5.4787238197081685,27.75264549255371,931.4995727539062,0.748105017441708,1.0,0.49523809523809526,0.6043956043956044,0.5161904761904762,0.6483516483516484,0.0,0.0,0.0,0.0,0.318407960199005,0.0,Germline,0.35922023529969915
8,7.239853771384123,7.47231257331154,50.87751007080078,4315.220703125,0.8758452181765065,0.9787415505416817,0.2,0.3875338753387534,0.6189610389610389,0.8617886178861789,0.6649350649350649,0.07046070460704607,0.15194805194805194,0.15176151761517614,0.11729622266401592,0.06998813760379596,Glia,0.35922023529969915
9,6.832893746302578,7.495352992347106,103.13555908203125,61985.15625,0.8170135286339131,0.9847363810420513,0.28390367553865653,0.7007019783024888,0.2508238276299113,0.585832801531589,0.38719898605830166,0.47415443522654754,0.08479087452471484,0.17038927887683472,0.12645708230307312,0.1596786618245846,Hypodermis,0.35922023529969915
10,5.92602579689026,6.035501075141848,35.31561279296875,4334.8671875,0.8721529087480052,0.9871587038487459,0.312,0.43636363636363634,0.4152,0.9545454545454546,0.416,0.16363636363636364,0.0736,0.15454545454545454,0.21376811594202896,0.020671834625323,Intestinal_and_rectal_muscle,0.35922023529969915
11,5.877465801116898,6.014529958048785,78.75424194335938,69389.765625,0.8681643842180609,0.990130488054316,0.26721763085399447,0.7089337175792507,0.09807162534435263,0.2564841498559078,0.3443526170798898,0.023054755043227664,0.04600550964187328,0.07492795389048991,0.33055555555555555,0.4993103448275862,Intestine,0.35922023529969915
12,6.46861589128411,6.608656365008485,40.934974670410156,943.6409912109375,0.655328798185941,1.0,0.21794871794871795,0.4594594594594595,0.4461538461538462,0.972972972972973,0.038461538461538464,0.013513513513513514,0.005128205128205128,0.02702702702702703,0.21052631578947367,0.0071428571428571435,M_cell,0.35922023529969915
13,6.859980470868112,6.994199107768744,44.34778594970703,1944.5992431640625,0.7694890774508034,0.9821022727272727,0.1907514450867052,0.6503067484662577,0.2,0.50920245398773,0.6763005780346821,0.006134969325153374,0.1115606936416185,0.08588957055214724,0.10449735449735449,0.008036162732295328,Pharyngeal_gland,0.35922023529969915
14,6.315594009468882,6.456018084649664,35.3992919921875,2605.87890625,0.8460257240677338,0.9806817126404754,0.27522935779816515,0.47474747474747475,0.5321100917431193,0.98989898989899,0.46788990825688076,0.09090909090909091,0.0889908256880734,0.2222222222222222,0.014906832298136646,0.04497354497354498,Pharyngeal_intestinal_valve,0.35922023529969915
15,6.108656621924259,6.1867822012215425,35.57145309448242,6313.0400390625,0.8262310105389306,0.9911702836762784,0.2865853658536585,0.5227272727272727,0.4012195121951219,0.9090909090909091,0.7621951219512195,0.017045454545454544,0.09939024390243903,0.06818181818181818,0.15833333333333335,0.01411764705882353,Pharyngeal_marginal_cell,0.35922023529969915
16,6.035313254608094,6.1631052142706375,36.12162399291992,4537.3251953125,0.825044754744003,0.9950543241643471,0.3253493013972056,0.2901960784313726,1.1746506986027945,0.9333333333333333,0.530938123752495,0.011764705882352941,0.07425149700598803,0.043137254901960784,0.06951026856240126,0.07357958759827918,Pharyngeal_muscle,0.35922023529969915
17,6.2021295181850435,6.319655203311781,38.25885772705078,1128.7305908203125,0.8347117625963779,0.9850197000069123,0.2838709677419355,0.3767123287671233,0.8932258064516129,0.9486301369863014,0.6193548387096774,0.02054794520547945,0.11935483870967743,0.09246575342465753,0.026733500417710943,0.0011655011655011657,Pharyngeal_neuron,0.35922023529969915
18,8.110512866587023,8.304285218125234,81.32029724121094,12781.3369140625,0.8658493248045487,0.966511421601242,0.2962962962962963,0.6428571428571429,0.34938271604938276,0.8,0.8271604938271605,0.3,0.271604938271605,0.4142857142857143,0.019379844961240306,0.04395604395604395,Rectal_cell,0.35922023529969915
19,8.813067221326845,9.110080303747866,63.4593505859375,6984.51953125,0.7295469912102772,0.9874509803921567,0.2972972972972973,0.9069767441860465,0.21621621621621623,0.9534883720930233,0.972972972972973,0.3953488372093023,0.2513513513513514,0.3488372093023256,0.2555555555555556,0.032520325203252036,Rectal_gland,0.35922023529969915
20,7.365774248043581,7.831768519746253,128.77682495117188,84459.859375,0.8199637695025961,0.9796248563100016,0.24691358024691357,0.7722419928825622,0.20828924162257498,0.6903914590747331,0.6102292768959435,0.45907473309608543,0.12433862433862436,0.23487544483985764,0.3137254901960784,0.3056351480420248,Seam_cell,0.35922023529969915
21,6.798893286003953,7.152419098877345,28.071720123291016,18583.7734375,0.9420765027322404,0.9801125703564728,0.5625,0.9523809523809523,0.309375,0.8571428571428571,0.53125,0.6666666666666666,0.14375000000000002,0.47619047619047616,0.0,0.0,T,0.35922023529969915
22,5.848848624388559,5.997569559084092,31.371488571166992,240.80755615234375,0.8204833141542002,0.974320987654321,0.3037974683544304,0.44155844155844154,0.3443037974683545,0.8961038961038961,0.6835443037974683,0.025974025974025976,0.13924050632911394,0.18181818181818182,0.11805555555555557,0.0,Z1_Z4,0.35922023529969915
23,5.75852087432263,5.870339263392216,28.992530822753906,995.6485595703125,0.8111641419381614,0.985711369667279,0.6764705882352942,0.3055555555555556,1.447058823529412,1.0,0.9117647058823529,0.5,0.22058823529411767,0.3611111111111111,0.05263157894736842,0.018518518518518517,hmc,0.35922023529969915
24,6.235438582864225,6.363849941510536,36.84299087524414,1362.0484619140625,0.8636050516647532,0.9384902143522833,0.5142857142857142,0.6129032258064516,0.5885714285714286,1.0,0.7714285714285715,0.0967741935483871,0.22571428571428573,0.3870967741935484,0.13076923076923078,0.0,hmc_homolog,0.35922023529969915
25,8.306240962899249,8.745331849390475,69.95037078857422,10211.234375,0.9347517730496453,0.9782505910165484,0.6086956521739131,0.9130434782608695,0.4956521739130435,0.9565217391304348,0.9565217391304348,1.0,0.5347826086956522,0.8260869565217391,0.0,0.0,hyp1V_and_ant_arc_V,0.35922023529969915
26,5.895177548527731,6.0632904223059105,29.611461639404297,606.153564453125,0.6818621903960381,0.9853304581031215,0.29533333333333334,0.14833333333333334,5.1751000000000005,0.985,0.7793333333333333,0.06066666666666667,0.25216666666666665,0.111,0.08369839116107773,0.05191499437636891,nan,0.35922023529969915
27,5.371749721248923,5.454691966293662,26.517881393432617,3845.7412109375,0.7414329513010356,0.9974999843749024,0.21266666666666667,0.349,0.772,0.9183333333333333,0.367,0.007333333333333333,0.05533333333333334,0.03866666666666667,0.4979919678714859,0.1886207503963361,Body_wall_muscle,0.35922023529969915
28,5.9621622814126445,6.0800315038385495,41.522361755371094,4412.9228515625,0.842856237453695,0.9936413820271819,0.34890965732087226,0.1280388978930308,2.189563862928349,0.9643435980551054,0.4633956386292835,0.01539708265802269,0.08068535825545171,0.0640194489465154,0.18027888446215137,0.1165146909827761,Ciliated_amphid_neuron,0.35922023529969915
29,6.058849506340786,6.218101916905043,41.257080078125,1616.392333984375,0.7977764711135786,0.9939359626226278,0.31403118040089084,0.12008733624454149,2.7883073496659243,0.9890829694323144,0.5590200445434298,0.013100436681222707,0.09387527839643653,0.0611353711790393,0.11264,0.02796934865900383,Ciliated_non_amphid_neuron,0.35922023529969915
30,6.000083036412409,6.099339130642249,35.01268768310547,2696.87255859375,0.7810230446927374,0.9940817039106146,0.29775280898876405,0.4472049689440994,0.4533707865168539,0.8757763975155279,0.3202247191011236,0.024844720496894408,0.05617977528089888,0.08074534161490683,0.3227053140096618,0.06363069245165315,Coelomocyte,0.35922023529969915
31,6.274366376600858,6.496255629437727,31.747173309326172,545.00048828125,0.9135275278328503,0.950609756097561,0.5641025641025641,0.6428571428571429,0.6615384615384615,0.6190476190476191,0.9743589743589743,0.0,0.24615384615384617,0.14285714285714285,0.125,0.0,Excretory_cell,0.35922023529969915
32,7.110646379636784,7.294269918079382,44.73506164550781,618.5562744140625,0.6636712328767123,0.9898824731732243,0.13725490196078433,0.6041666666666666,0.3411764705882353,1.0,0.5098039215686274,0.10416666666666667,0.08823529411764706,0.125,0.0,0.0,Excretory_gland,0.35922023529969915
33,6.496188823592684,6.635016902871912,39.94393539428711,436.6861877441406,0.7949690814860262,1.0,0.2773109243697479,0.43846153846153846,0.9117647058823529,1.0,0.19327731092436976,0.015384615384615385,0.027731092436974792,0.09230769230769231,0.20809248554913296,0.0,GLR,0.35922023529969915
34,5.5584032149924,5.638685882413154,29.071014404296875,867.2186279296875,0.8823495767558912,1.0,0.4791666666666667,0.4835164835164835,0.6364583333333333,0.8351648351648352,0.0,0.0,0.0,0.0,0.3071161048689139,0.0,Germline,0.35922023529969915
35,6.79820037414249,6.976132268528564,46.01527404785156,3741.02734375,0.8241123726508065,0.977781370455145,0.22807017543859648,0.2791327913279133,1.0676691729323309,0.8915989159891599,0.6867167919799498,0.07317073170731707,0.16516290726817043,0.14905149051490515,0.09599999999999999,0.12019230769230771,Glia,0.35922023529969915
36,6.94783374467156,7.570963232094147,93.63499450683594,57225.484375,0.8056459000462013,0.9845825339848673,0.27915632754342434,0.6885768985322271,0.27109181141439204,0.5711550733886407,0.3883374689826303,0.4779834077855775,0.08616625310173698,0.1914486279514997,0.15038020655998185,0.16,Hypodermis,0.35922023529969915
37,5.776228286574059,5.880705927834544,38.37987518310547,4436.7421875,0.8108145389337196,0.9810217665047671,0.31683168316831684,0.4909090909090909,0.32178217821782185,0.9272727272727272,0.44554455445544555,0.09090909090909091,0.07821782178217823,0.13636363636363635,0.22657952069716777,0.01923076923076923,Intestinal_and_rectal_muscle,0.35922023529969915
38,5.79313979274403,5.928160489886133,75.9024658203125,67763.21875,0.851225075569164,0.9914378542114519,0.2231638418079096,0.7262247838616714,0.08305084745762713,0.19596541786743515,0.3672316384180791,0.023054755043227664,0.04632768361581921,0.069164265129683,0.4978723404255319,1.0,Intestine,0.35922023529969915
39,6.255608024226649,6.34810859468689,38.3482780456543,910.7022094726562,0.7521207639100361,1.0,0.25,0.4594594594594595,0.44625000000000004,0.9864864864864865,0.1,0.17567567567567569,0.013750000000000002,0.04054054054054054,0.1728395061728395,0.0,M_cell,0.35922023529969915
40,6.742857127438734,6.863825730574119,45.67238235473633,2008.2333984375,0.8309959435279128,0.9847491514390663,0.19393939393939394,0.5950920245398773,0.4036363636363636,0.7300613496932515,0.7090909090909091,0.012269938650306749,0.12,0.06134969325153374,0.12727272727272726,0.004524886877828055,Pharyngeal_gland,0.35922023529969915
41,6.506792462434029,6.710659794496698,38.80379104614258,3081.2373046875,0.6994773519163764,0.9951577814685724,0.23148148148148148,0.5252525252525253,0.25,0.9494949494949495,0.4074074074074074,0.06060606060606061,0.06759259259259259,0.1717171717171717,0.006060606060606061,0.028688524590163935,Pharyngeal_intestinal_valve,0.35922023529969915
42,6.341075496074896,6.43037680506351,37.89786148071289,6615.26416015625,0.8405295622085152,0.9882287771776762,0.21951219512195122,0.5056818181818182,0.49207317073170737,0.9375,0.6585365853658537,0.017045454545454544,0.08963414634146342,0.056818181818181816,0.18502202643171806,0.009861932938856016,Pharyngeal_marginal_cell,0.35922023529969915
43,6.152930972178099,6.3057459087537575,38.93595886230469,5209.5732421875,0.8010294117647059,0.9951214868756098,0.2912621359223301,0.29215686274509806,1.074368932038835,0.9686274509803922,0.5029126213592233,0.01764705882352941,0.06873786407766991,0.049019607843137254,0.05508284818629646,0.08493589743589744,Pharyngeal_muscle,0.35922023529969915
44,6.337639204369979,6.492198700713862,37.976783752441406,1050.8812255859375,0.8319579217065204,0.9855269411084708,0.3023952095808383,0.3698630136986301,0.9508982035928144,0.976027397260274,0.5838323353293413,0.010273972602739725,0.11017964071856289,0.07534246575342465,0.03481894150417827,0.0,Pharyngeal_neuron,0.35922023529969915
45,7.585489564282553,7.821793986348861,65.69436645507812,8810.443359375,0.8364825581395349,0.959648493543759,0.3125,0.6571428571428571,0.5425,0.9,0.8625,0.4142857142857143,0.32125000000000004,0.5142857142857142,0.040293040293040296,0.04044943820224719,Rectal_cell,0.35922023529969915
46,8.647182272670522,8.874029786221383,64.4020004272461,7246.185546875,0.7666034155597723,0.9511904761904763,0.358974358974359,0.8604651162790697,0.3282051282051282,0.9767441860465116,0.9487179487179487,0.7441860465116279,0.2743589743589744,0.3023255813953488,0.24043715846994537,0.050724637681159424,Rectal_gland,0.35922023529969915
47,7.266862478210023,7.729803060328385,112.11357879638672,78178.6328125,0.7935407485364732,0.9803734003947284,0.26833631484794274,0.7864768683274022,0.18837209302325583,0.6103202846975089,0.59391771019678,0.5836298932384342,0.12540250447227194,0.2491103202846975,0.3140964995269631,0.22598039215686275,Seam_cell,0.35922023529969915
48,6.824348585946218,6.968862574611139,16.832752227783203,9187.58203125,0.8285714285714285,0.9761769710720363,0.5238095238095238,0.9523809523809523,0.19047619047619047,0.5714285714285714,0.47619047619047616,0.6190476190476191,0.08095238095238096,0.3333333333333333,0.0,0.0,T,0.35922023529969915
49,6.4741629627589266,6.5581668389559455,38.63471603393555,313.6043701171875,0.8414609672887818,0.9809753160746537,0.2345679012345679,0.5324675324675324,0.10246913580246915,0.2987012987012987,0.41975308641975306,0.012987012987012988,0.07037037037037037,0.14285714285714285,0.06451612903225806,0.0,Z1_Z4,0.35922023529969915
50,6.26478879005588,6.407631113230045,35.20862579345703,1802.8125,0.8644688644688645,0.9728937728937729,0.6842105263157895,0.4166666666666667,0.8789473684210526,1.0,0.868421052631579,0.3055555555555556,0.2710526315789474,0.4722222222222222,0.05454545454545454,0.029268292682926828,hmc,0.35922023529969915
51,5.827595143904966,5.883461600604861,29.237598419189453,870.7111206054688,0.9131476489967056,0.9482604817127565,0.6666666666666666,0.5806451612903226,0.5740740740740741,1.0,0.8518518518518519,0.16129032258064516,0.24074074074074076,0.3870967741935484,0.10810810810810811,0.014285714285714285,hmc_homolog,0.35922023529969915
52,8.272410742244366,8.669273514005505,66.33368682861328,6499.470703125,0.9604037267080745,0.9801169590643275,0.4642857142857143,0.782608695652174,0.3107142857142857,0.9130434782608695,0.9642857142857143,0.8260869565217391,0.6071428571428572,0.7391304347826086,0.0,0.0,hyp1V_and_ant_arc_V,0.35922023529969915
53,5.91616748082639,6.1090418376440185,29.02281951904297,375.378173828125,0.6959047688577421,0.9856638567825959,0.27666666666666667,0.15533333333333332,4.761,0.9856666666666667,0.779,0.06566666666666666,0.2551666666666667,0.12033333333333333,0.07536725569512454,0.05157667043718124,nan,0.35922023529969915
54,5.3548880979220055,5.434908391840821,24.72555923461914,3587.982421875,0.7594373095176082,0.9974999843749024,0.23,0.33366666666666667,0.7913000000000001,0.924,0.38233333333333336,0.009333333333333334,0.05976666666666667,0.03766666666666667,0.49689753479792054,0.31578947368421056,Body_wall_muscle,0.35922023529969915
55,6.0094461753644834,6.141981945518937,42.29802322387695,4466.2392578125,0.8483780272210271,0.993941318883852,0.3115942028985507,0.1458670988654781,1.9657809983896941,0.9448946515397083,0.45893719806763283,0.017017828200972446,0.08276972624798712,0.055105348460291734,0.14418125643666324,0.11748348974626348,Ciliated_amphid_neuron,0.35922023529969915
56,5.908975451945719,6.05581400896542,39.2620964050293,1510.05615234375,0.8063901521283746,0.9939725737845542,0.33993399339933994,0.14737991266375547,2.3045104510451044,0.982532751091703,0.5467546754675467,0.007641921397379912,0.09922992299229924,0.06331877729257641,0.1095846645367412,0.04612954186413901,Ciliated_non_amphid_neuron,0.35922023529969915
57,6.081254290035608,6.174675224644752,39.012020111083984,3013.967529296875,0.7746543778801844,0.9938629518072288,0.28484848484848485,0.484472049689441,0.2957575757575758,0.5279503105590062,0.24848484848484848,0.012422360248447204,0.04666666666666667,0.06832298136645963,0.3250517598343685,0.04070407040704071,Coelomocyte,0.35922023529969915
58,6.420262310239999,6.594587914045311,37.51334762573242,783.1128540039062,0.9086868296453764,0.9596153846153846,0.5079365079365079,0.47619047619047616,0.5682539682539683,0.6190476190476191,0.9523809523809523,0.047619047619047616,0.24761904761904763,0.14285714285714285,0.10625,0.0,Excretory_cell,0.35922023529969915
59,7.609370529651641,7.9339768538080095,59.7072639465332,1627.874267578125,0.416258064516129,1.0,0.1,0.8125,0.2966666666666667,0.9791666666666666,0.5,0.4583333333333333,0.07333333333333333,0.0625,0.0,0.0,Excretory_gland,0.35922023529969915
60,5.826122270577751,5.924838850252236,32.1843147277832,309.4384765625,0.8081768191442367,0.9883268482490272,0.41732283464566927,0.3769230769230769,1.0527559055118112,1.0,0.31496062992125984,0.046153846153846156,0.05275590551181102,0.1076923076923077,0.18007662835249041,0.0,GLR,0.35922023529969915
61,5.382898754099562,5.425903109355578,27.873111724853516,900.552001953125,0.8022459132906894,1.0,0.4536082474226804,0.5934065934065934,0.49381443298969074,0.5494505494505495,0.0,0.0,0.0,0.0,0.32085561497326204,0.0,Germline,0.35922023529969915
62,6.988303500136753,7.158668217120396,48.27098083496094,3634.4248046875,0.8759997795551636,0.9772993934041829,0.1968503937007874,0.3956639566395664,0.44120734908136483,0.8644986449864499,0.7244094488188977,0.1002710027100271,0.1614173228346457,0.14363143631436315,0.15968063872255492,0.10058309037900877,Glia,0.35922023529969915
63,6.638817187691378,7.179294256097009,104.34517669677734,66310.625,0.8028621621830172,0.9856502636123448,0.29318036966220523,0.7000638162093171,0.2623326959847036,0.559029993618379,0.42638623326959846,0.40012763241863436,0.0901210962396431,0.17038927887683472,0.11001070663811563,0.1588254921588255,Hypodermis,0.35922023529969915
64,6.040909421527305,6.1685527431401175,33.92740249633789,4189.54638671875,0.849906191369606,0.9873841355504547,0.25384615384615383,0.4636363636363636,0.23923076923076925,0.8181818181818182,0.4461538461538462,0.02727272727272727,0.06538461538461539,0.13636363636363635,0.16321243523316062,0.025547445255474453,Intestinal_and_rectal_muscle,0.35922023529969915
65,5.777950022274079,5.905445280657137,84.18419647216797,74552.0625,0.843474063074789,0.9914844102299813,0.26256983240223464,0.7377521613832853,0.11508379888268157,0.3025936599423631,0.38268156424581007,0.04610951008645533,0.050837988826815644,0.0893371757925072,0.3314606741573034,0.4993006993006993,Intestine,0.35922023529969915
66,6.361216180388993,6.450672090925238,38.49705505371094,890.9506225585938,0.8093652623041789,1.0,0.225,0.4864864864864865,0.43,1.0,0.075,0.013513513513513514,0.010000000000000002,0.05405405405405406,0.1904761904761905,0.00411522633744856,M_cell,0.35922023529969915
67,6.888147083046811,7.010773651590379,46.512611389160156,2149.65966796875,0.772374531835206,0.9844236760124611,0.17721518987341772,0.6932515337423313,0.2607594936708861,0.588957055214724,0.6265822784810127,0.024539877300613498,0.11455696202531647,0.06134969325153374,0.1240174672489083,0.007713498622589532,Pharyngeal_gland,0.35922023529969915
68,6.00855185989815,6.1382623686191105,38.060455322265625,2294.4990234375,0.6620752984389349,0.9836371720764785,0.24705882352941178,0.45454545454545453,0.2788235294117647,0.8787878787878788,0.5058823529411764,0.10101010101010101,0.09529411764705882,0.16161616161616163,0.007662835249042147,0.04761904761904762,Pharyngeal_intestinal_valve,0.35922023529969915
69,6.205878619443287,6.294125095680861,36.75471115112305,6393.8486328125,0.8418080942614579,0.9943179983857949,0.24431818181818182,0.4659090909090909,0.43636363636363634,0.9375,0.7443181818181818,0.017045454545454544,0.0965909090909091,0.0625,0.11497975708502024,0.01739130434782609,Pharyngeal_marginal_cell,0.35922023529969915
70,6.1664221259574425,6.293061120627777,38.72233581542969,5017.421875,0.7978812342448707,0.9953186671970138,0.3083778966131907,0.28627450980392155,1.331372549019608,0.9647058823529412,0.5062388591800356,0.021568627450980392,0.07664884135472372,0.060784313725490195,0.06657156443176414,0.07220216606498195,Pharyngeal_muscle,0.35922023529969915
71,6.215125770406831,6.339674546043304,36.8560791015625,1091.7225341796875,0.7951726982478116,0.9912730396322798,0.3274021352313167,0.4178082191780822,0.7875444839857652,0.9383561643835616,0.5871886120996441,0.02054794520547945,0.10889679715302492,0.07191780821917808,0.03503184713375796,0.0,Pharyngeal_neuron,0.35922023529969915
72,8.197103045488655,8.390413630474784,88.47611236572266,11926.916015625,0.9177927927927929,0.958780350084698,0.39473684210526316,0.7,0.4118421052631579,0.9142857142857143,0.8421052631578947,0.5285714285714286,0.2723684210526316,0.5714285714285714,0.035294117647058816,0.018987341772151896,Rectal_cell,0.35922023529969915
73,8.19837740275791,8.632462417717923,46.655941009521484,4036.35107421875,0.8456140350877194,0.973389355742297,0.3939393939393939,0.8372093023255814,0.5090909090909091,0.9767441860465116,0.9696969696969697,0.6046511627906976,0.2636363636363636,0.37209302325581395,0.19858156028368792,0.04324324324324325,Rectal_gland,0.35922023529969915
74,7.333624951653016,7.853160788118481,110.1492919921875,71534.9765625,0.8191346810457012,0.9777370714435814,0.25133689839572193,0.791814946619217,0.1787878787878788,0.5836298932384342,0.5846702317290553,0.4181494661921708,0.1324420677361854,0.23665480427046262,0.23260247855100094,0.3014322916666667,Seam_cell,0.35922023529969915
75,6.925087917418708,7.17542916469054,37.829742431640625,25937.0,0.9333333333333333,0.9776007964161274,0.7916666666666666,0.9047619047619048,0.375,0.8095238095238095,0.625,0.5238095238095238,0.20416666666666666,0.6666666666666666,0.02666666666666666,0.0,T,0.35922023529969915
76,6.360574473156016,6.5302219427101065,37.2617301940918,313.55078125,0.7941047716328614,0.9817789323478833,0.2247191011235955,0.5064935064935064,0.1853932584269663,0.6363636363636364,0.6067415730337079,0.05194805194805195,0.10224719101123597,0.15584415584415584,0.08411214953271028,0.0,Z1_Z4,0.35922023529969915
77,5.864834621145915,5.957953883181672,33.49412155151367,1298.9598388671875,0.8617424242424243,1.0,0.6486486486486487,0.3055555555555556,1.2513513513513514,1.0,0.9459459459459459,0.2222222222222222,0.2,0.3611111111111111,0.04761904761904762,0.0,hmc,0.35922023529969915
78,6.443459363137519,6.520933915408648,37.99113845825195,1221.90380859375,0.890625,0.964102564102564,0.56,0.6129032258064516,0.42000000000000004,0.967741935483871,0.76,0.03225806451612903,0.168,0.2903225806451613,0.10937500000000001,0.0,hmc_homolog,0.35922023529969915
79,8.086761785590129,8.472963462179973,53.41474533081055,3504.001708984375,0.823076923076923,1.0,0.5217391304347826,0.9565217391304348,0.41304347826086957,1.0,0.9130434782608695,0.9130434782608695,0.46521739130434786,0.6086956521739131,0.0,0.0,hyp1V_and_ant_arc_V,0.35922023529969915
80,5.936241465648018,6.108930293555915,28.359230041503906,432.63092041015625,0.6903797679047243,0.9856643665939291,0.275,0.17933333333333334,4.632933333333333,0.9803333333333333,0.77,0.082,0.2509,0.11766666666666667,0.07457190862617524,0.04898273128910317,nan,0.35922023529969915
