,1-Wasserstein_PCA,2-Wasserstein_PCA,Linear_MMD_PCA,Poly_MMD_PCA,KNN identity,KNN identity PCA,precision,recall,density,coverage,precision_PCA,recall_PCA,density_PCA,coverage_PCA,KNN category,KNN category PCA,ct,global_f1
0,5.34326321897377,5.4079235401957035,25.68218231201172,5021.380859375,0.38076598641709564,0.9974043618756179,0.8185533306089089,0.031,5.288639149979567,0.9993333333333333,0.41642827952595013,0.006,0.06473232529628116,0.038,0.4987709954936501,0.32609603340292276,Body_wall_muscle,0.35577318104967814
1,5.195152723972948,5.258188985395655,33.50093078613281,3600.656005859375,0.5455281322247527,0.9914474832507619,0.8955,0.024311183144246355,6.85345,0.9918962722852512,0.6555,0.008914100486223663,0.11230000000000001,0.07860615883306321,0.15377039088950445,0.13119062057812816,Ciliated_amphid_neuron,0.35577318104967814
2,5.21496152565469,5.267636715313168,31.568702697753906,1423.361083984375,0.4194272744832915,0.9934495006078521,0.8220524017467249,0.027292576419213975,6.937336244541484,0.9956331877729258,0.7270742358078602,0.002183406113537118,0.1324235807860262,0.07096069868995633,0.14765840220385676,0.07566807313642758,Ciliated_non_amphid_neuron,0.35577318104967814
3,5.495253939065871,5.546901177084329,30.637271881103516,2204.45068359375,0.9187247592420007,0.9906824210272487,0.5900621118012422,0.006211180124223602,0.5956521739130435,0.8136645962732919,0.391304347826087,0.012422360248447204,0.07142857142857144,0.08695652173913043,0.15419847328244274,0.0558139534883721,Coelomocyte,0.35577318104967814
4,6.728069810640244,7.693169420570365,37.588417053222656,595.2667236328125,0.8541666666666667,0.9642401021711366,0.8571428571428571,0.07142857142857142,1.9285714285714286,1.0,0.9047619047619048,0.09523809523809523,0.2523809523809524,0.16666666666666666,0.11111111111111112,0.0,Excretory_cell,0.35577318104967814
5,6.296955327192942,6.399570745114707,36.2613410949707,502.03790283203125,0.3333333333333333,0.9791576204950065,0.7708333333333334,0.020833333333333332,2.3354166666666667,1.0,0.7291666666666666,0.10416666666666667,0.125,0.125,0.0,0.0,Excretory_gland,0.35577318104967814
6,5.32537524333367,5.382863423944635,26.78342056274414,325.1557922363281,0.3333333333333333,0.9923072371146222,0.8384615384615385,0.08461538461538462,3.120769230769231,1.0,0.36153846153846153,0.0,0.07230769230769231,0.13846153846153847,0.1408839779005525,0.0,GLR,0.35577318104967814
7,4.810656110008994,4.826837995781489,21.937984466552734,752.8460083007812,0.9393388479835167,1.0,1.0,0.0,1.6780219780219783,0.3956043956043956,0.0,0.0,0.0,0.0,0.32,0.0,Germline,0.35577318104967814
8,5.688875260391856,5.786117431003216,32.20433044433594,2073.52783203125,0.5130255760551112,0.9715216564407032,0.8211382113821138,0.056910569105691054,3.220867208672087,0.94579945799458,0.8888888888888888,0.051490514905149054,0.24634146341463414,0.15176151761517614,0.09904761904761905,0.11729803742583296,Glia,0.35577318104967814
9,6.398184193317077,6.797367342515074,95.60528564453125,61081.203125,0.5942543079440868,0.9805742604706591,0.911,0.06253988513082323,2.27165,0.9878749202297383,0.4715,0.3446075303126994,0.1289,0.25717932354818124,0.13173191669553835,0.10657183334778964,Hypodermis,0.35577318104967814
10,5.221622046557338,5.284270324867974,27.692678451538086,2713.907958984375,0.6459770114942529,0.9818121693121693,0.8,0.03636363636363636,1.242727272727273,0.9818181818181818,0.6181818181818182,0.06363636363636363,0.11636363636363636,0.13636363636363635,0.1099290780141844,0.06060606060606061,Intestinal_and_rectal_muscle,0.35577318104967814
11,7.870876512884748,8.432895853626857,114.96957397460938,108410.8828125,0.9319646160937952,0.9913538205980067,0.9221902017291066,0.002881844380403458,1.72478386167147,0.6195965417867435,0.5936599423631124,0.023054755043227664,0.10979827089337175,0.07780979827089338,0.15834594049420073,0.1203288490284006,Intestine,0.35577318104967814
12,5.030124835065893,5.084795153759579,25.549192428588867,579.7171630859375,0.3333333333333333,0.9932429347577958,0.918918918918919,0.02702702702702703,5.228378378378379,1.0,0.22972972972972974,0.013513513513513514,0.031081081081081083,0.05405405405405406,0.24501424501424499,0.034567901234567905,M_cell,0.35577318104967814
13,5.538693565532473,5.62208977730026,33.207767486572266,1308.559814453125,0.8396334699782976,0.984658967915596,0.8282208588957055,0.018404907975460124,1.8650306748466257,0.9693251533742331,0.6748466257668712,0.018404907975460124,0.14294478527607363,0.07975460122699386,0.0639269406392694,0.009150326797385621,Pharyngeal_gland,0.35577318104967814
14,5.33736312991441,5.413520570685285,27.886423110961914,1896.6492919921875,0.3973490427098675,0.9797897315504747,0.8888888888888888,0.09090909090909091,2.4242424242424243,1.0,0.7272727272727273,0.0707070707070707,0.17272727272727273,0.24242424242424243,0.02285714285714286,0.039751552795031064,Pharyngeal_intestinal_valve,0.35577318104967814
15,5.142488913102584,5.204968057035065,25.22930335998535,4472.9560546875,0.48925490196078425,0.9829495915006297,0.8920454545454546,0.005681818181818182,3.4954545454545456,1.0,0.9034090909090909,0.011363636363636364,0.13636363636363635,0.07386363636363637,0.15217391304347827,0.03333333333333334,Pharyngeal_marginal_cell,0.35577318104967814
16,5.202998260423249,5.2671413620040335,30.51932716369629,4088.1220703125,0.44676127975516977,0.9941174435101561,0.9137254901960784,0.011764705882352941,5.802745098039217,1.0,0.7,0.013725490196078431,0.09431372549019608,0.054901960784313725,0.09322033898305086,0.06436170212765957,Pharyngeal_muscle,0.35577318104967814
17,5.165161382662108,5.204809595700285,25.356172561645508,976.32958984375,0.5226825008732099,0.9914377285349426,0.8527397260273972,0.03424657534246575,4.748630136986302,0.9863013698630136,0.8287671232876712,0.0136986301369863,0.1547945205479452,0.0821917808219178,0.08087431693989072,0.0007584376185058779,Pharyngeal_neuron,0.35577318104967814
18,7.826059109824046,8.122555895402828,91.16193389892578,13657.46875,0.6979921455832734,0.9642693073350008,0.8428571428571429,0.3142857142857143,0.9142857142857143,0.9285714285714286,0.8571428571428571,0.5428571428571428,0.4,0.6,0.045267489711934165,0.041025641025641026,Rectal_cell,0.35577318104967814
19,6.265674463538236,6.608263629817306,26.678598403930664,1493.072998046875,0.5500237830981449,0.9298913043478261,1.0,0.09302325581395349,2.0186046511627906,1.0,0.9069767441860465,0.13953488372093023,0.3302325581395349,0.4186046511627907,0.14545454545454545,0.03404255319148936,Rectal_gland,0.35577318104967814
20,6.355036464874428,6.727630329477967,104.28704071044922,71916.5546875,0.7246814227171983,0.9759771074847918,0.8202846975088968,0.07651245551601424,1.3992882562277582,0.9608540925266904,0.6494661921708185,0.5373665480427047,0.16637010676156583,0.3683274021352313,0.15320512820512822,0.21956087824351297,Seam_cell,0.35577318104967814
21,5.7949994178045365,6.101856549066072,19.1536808013916,13225.57421875,0.6888888888888889,0.9522727272727273,0.9523809523809523,0.7142857142857143,1.0333333333333334,1.0,0.6666666666666666,1.0,0.24285714285714285,0.6190476190476191,0.04347826086956521,0.0,T,0.35577318104967814
22,5.427599869765244,5.507775427918492,25.83283042907715,245.23760986328125,0.8262152777777778,0.9674982060698156,0.8051948051948052,0.012987012987012988,1.0376623376623377,0.6493506493506493,0.8571428571428571,0.012987012987012988,0.2090909090909091,0.16883116883116883,0.025000000000000005,0.0,Z1_Z4,0.35577318104967814
23,4.939680165714687,5.016314278600652,24.850543975830078,1085.9237060546875,0.3333333333333333,0.9722007722007722,1.0,0.0,2.952777777777778,1.0,1.0,0.08333333333333333,0.2888888888888889,0.4166666666666667,0.010810810810810811,0.017543859649122806,hmc,0.35577318104967814
24,5.381179724970171,5.4435941854211585,26.035228729248047,737.4263305664062,0.4326797385620916,0.9188269180413721,0.8064516129032258,0.16129032258064516,1.2193548387096775,1.0,0.7741935483870968,0.0967741935483871,0.27096774193548384,0.45161290322580644,0.06140350877192982,0.0,hmc_homolog,0.35577318104967814
25,7.706945564435875,7.976486251824654,39.88728332519531,2076.89697265625,0.7200811359026369,0.9564393939393939,0.8695652173913043,0.43478260869565216,0.8913043478260869,1.0,0.8695652173913043,1.0,0.46521739130434786,0.6086956521739131,0.0,0.0,hyp1V_and_ant_arc_V,0.35577318104967814
26,4.91930886638164,5.000969829375776,19.100980758666992,359.39410400390625,0.37906318680685114,0.9836631524292336,0.89,0.034333333333333334,16.0415,1.0,0.907,0.06166666666666667,0.34500000000000003,0.12066666666666667,0.07649774438729837,0.064793237377199,nan,0.35577318104967814
27,5.204594530503115,5.26615154287016,22.886009216308594,4146.4189453125,0.3918079123412954,0.9974043618756179,0.8132407029015121,0.028333333333333332,5.663342868818962,0.999,0.4213322435635472,0.0023333333333333335,0.0671843073150797,0.036,0.3318281335522715,0.24323189926547742,Body_wall_muscle,0.35577318104967814
28,5.165164752737638,5.225282652116265,30.727977752685547,3236.103759765625,0.5453066188285531,0.9934274704906838,0.895,0.02025931928687196,7.4044,0.9918962722852512,0.663,0.012155591572123177,0.11170000000000001,0.08022690437601297,0.15361872497690177,0.11010624286592327,Ciliated_amphid_neuron,0.35577318104967814
29,5.2841156986603055,5.338769119211033,32.8431282043457,1398.9609375,0.41089673583302994,0.9939954167080093,0.8155021834061136,0.03384279475982533,6.63995633187773,0.9934497816593887,0.7521834061135371,0.002183406113537118,0.13733624454148471,0.07641921397379912,0.14800550206327373,0.0939014202172097,Ciliated_non_amphid_neuron,0.35577318104967814
30,5.5601796393068685,5.6239520806059335,33.42763137817383,2357.6298828125,0.9282051282051282,0.9906824210272487,0.546583850931677,0.006211180124223602,0.6099378881987578,0.8633540372670807,0.42857142857142855,0.0,0.07142857142857144,0.09937888198757763,0.15325670498084293,0.068733153638814,Coelomocyte,0.35577318104967814
31,5.931764982995533,6.507837632074632,31.733076095581055,813.09033203125,0.8155467720685112,0.9522727272727273,0.8809523809523809,0.047619047619047616,1.8261904761904764,1.0,0.9285714285714286,0.023809523809523808,0.2785714285714286,0.16666666666666666,0.07692307692307691,0.0,Excretory_cell,0.35577318104967814
32,5.96963894367218,6.074141575689989,31.794462203979492,440.5893249511719,0.3333333333333333,0.9791576204950065,0.8958333333333334,0.020833333333333332,2.847916666666667,1.0,0.7083333333333334,0.0625,0.1375,0.125,0.0,0.0,Excretory_gland,0.35577318104967814
33,5.311719511105465,5.369148134281342,26.27010726928711,323.751708984375,0.3333333333333333,0.9923072371146222,0.8076923076923077,0.06923076923076923,3.0446153846153847,1.0,0.4076923076923077,0.007692307692307693,0.0676923076923077,0.12307692307692308,0.19819819819819817,0.0,GLR,0.35577318104967814
34,4.852999697674762,4.8718870429297185,22.311872482299805,725.36279296875,0.944888565891473,1.0,1.0,0.0,1.7582417582417584,0.38461538461538464,0.0,0.0,0.0,0.0,0.30769230769230765,0.0,Germline,0.35577318104967814
35,5.555015256734399,5.6487945043571814,30.72020149230957,1914.7767333984375,0.524254893262736,0.9728798112611255,0.8102981029810298,0.02710027100271003,3.5962059620596207,0.940379403794038,0.8617886178861789,0.04336043360433604,0.24661246612466126,0.16531165311653118,0.09633911368015415,0.13462574044157244,Glia,0.35577318104967814
36,6.19989462054696,6.590976020262123,89.57142639160156,52788.15625,0.5834508364191067,0.9817254514202864,0.914,0.05615826419910657,2.2686,0.9948947032546267,0.469,0.32163369495851946,0.12975,0.25781748564135293,0.13160733549083062,0.1924234561494551,Hypodermis,0.35577318104967814
37,5.639005595987493,5.715183164870912,30.727230072021484,4530.22412109375,0.6077327327327328,0.9863611002045836,0.8090909090909091,0.05454545454545454,1.4018181818181819,1.0,0.5363636363636364,0.00909090909090909,0.09727272727272729,0.16363636363636364,0.1474358974358974,0.08,Intestinal_and_rectal_muscle,0.35577318104967814
38,8.191615424857009,8.872777438432905,116.78856658935547,110498.109375,0.9290410758813525,0.9899125184026978,0.9452449567723343,0.0,1.8158501440922192,0.654178674351585,0.6340057636887608,0.02881844380403458,0.1256484149855908,0.08645533141210375,0.15781487101669198,0.11935240963855422,Intestine,0.35577318104967814
39,5.226249727042947,5.289284430955519,25.47943115234375,550.5191650390625,0.3333333333333333,1.0,0.8783783783783784,0.04054054054054054,4.151351351351352,1.0,0.0945945945945946,0.02702702702702703,0.016216216216216217,0.06756756756756757,0.2222222222222222,0.03,M_cell,0.35577318104967814
40,5.502138382086718,5.568437651719536,31.72294807434082,1314.1771240234375,0.809497837858896,0.984658967915596,0.852760736196319,0.012269938650306749,1.934355828220859,0.9754601226993865,0.7668711656441718,0.0,0.1588957055214724,0.09202453987730061,0.09389671361502347,0.015238095238095238,Pharyngeal_gland,0.35577318104967814
41,5.37164229335207,5.463022658055622,23.913686752319336,1392.953369140625,0.4074170461938842,0.9848450057405281,0.8787878787878788,0.050505050505050504,3.0202020202020203,1.0,0.7070707070707071,0.050505050505050504,0.15555555555555556,0.2222222222222222,0.015533980582524273,0.03603603603603604,Pharyngeal_intestinal_valve,0.35577318104967814
42,5.35100016268817,5.40563441102907,28.79726791381836,5212.43994140625,0.5275348979904894,0.9857925879285432,0.8693181818181818,0.011363636363636364,2.4886363636363638,1.0,0.8522727272727273,0.017045454545454544,0.12215909090909093,0.0625,0.14227642276422764,0.0182370820668693,Pharyngeal_marginal_cell,0.35577318104967814
43,5.188778324688182,5.245826555657122,28.230104446411133,3512.89404296875,0.42639958114371035,0.9941174435101561,0.9274509803921569,0.00980392156862745,6.572745098039217,1.0,0.692156862745098,0.00784313725490196,0.10196078431372549,0.054901960784313725,0.08276959808993235,0.06865401987353208,Pharyngeal_muscle,0.35577318104967814
44,5.22391997216499,5.258834636709725,27.820261001586914,1071.015869140625,0.5226825008732099,0.9880119762937418,0.8527397260273972,0.06164383561643835,4.540068493150685,0.9897260273972602,0.7876712328767124,0.010273972602739725,0.14760273972602742,0.09246575342465753,0.0583804143126177,0.0,Pharyngeal_neuron,0.35577318104967814
45,7.826791892732894,8.206716015852443,66.09209442138672,15432.72265625,0.6512681159420289,0.9427519934573707,0.9,0.17142857142857143,1.4485714285714286,1.0,0.8571428571428571,0.6,0.40285714285714286,0.6428571428571429,0.05882352941176471,0.041025641025641026,Rectal_cell,0.35577318104967814
46,6.307721271071321,6.447028777944681,29.516712188720703,1745.15234375,0.5857031857031857,0.9416632749966083,0.9767441860465116,0.09302325581395349,1.9093023255813955,1.0,0.8837209302325582,0.3023255813953488,0.30697674418604654,0.3953488372093023,0.07,0.018633540372670808,Rectal_gland,0.35577318104967814
47,6.36627842353332,6.831282478315397,119.49406433105469,77687.34375,0.6947332233223322,0.9768623936306661,0.8309608540925267,0.05693950177935943,1.4720640569395018,0.9555160142348754,0.7064056939501779,0.44483985765124556,0.1829181494661922,0.3736654804270463,0.22876447876447875,0.1458124791458125,Seam_cell,0.35577318104967814
48,5.850165071941556,5.98502390064761,22.070812225341797,12289.85546875,0.8309373202990225,0.9761769710720363,0.9523809523809523,0.6666666666666666,0.8285714285714287,1.0,0.8095238095238095,0.9523809523809523,0.22380952380952382,0.5714285714285714,0.05797101449275361,0.0,T,0.35577318104967814
49,5.795589186928493,5.930872895145833,30.448410034179688,239.97918701171875,0.8402765773552291,0.9740084388185654,0.7272727272727273,0.012987012987012988,0.9584415584415584,0.5844155844155844,0.8181818181818182,0.025974025974025976,0.16883116883116883,0.14285714285714285,0.018750000000000003,0.0,Z1_Z4,0.35577318104967814
50,5.412369973129694,5.631782591605899,25.23174476623535,915.8204345703125,0.3333333333333333,0.9861084314103801,0.9444444444444444,0.08333333333333333,2.2527777777777778,1.0,0.9166666666666666,0.25,0.25,0.4166666666666667,0.017543859649122806,0.0,hmc,0.35577318104967814
51,5.622278298101117,5.692328263328048,27.057180404663086,751.3495483398438,0.4326797385620916,0.9677083333333333,0.967741935483871,0.16129032258064516,1.4645161290322581,1.0,0.8709677419354839,0.06451612903225806,0.23870967741935487,0.3870967741935484,0.16260162601626016,0.0,hmc_homolog,0.35577318104967814
52,6.871185064315796,7.143606262374558,33.20895767211914,3039.99609375,0.7718253968253969,1.0,0.9565217391304348,0.391304347826087,1.1478260869565218,1.0,0.9565217391304348,0.9130434782608695,0.5043478260869566,0.8260869565217391,0.020833333333333332,0.0,hyp1V_and_ant_arc_V,0.35577318104967814
53,4.962893615325292,5.043508331452549,19.720745086669922,399.72125244140625,0.37768278728868765,0.9839970109972762,0.889,0.03133333333333333,15.339933333333335,1.0,0.8996666666666666,0.064,0.33490000000000003,0.12333333333333334,0.09329809407163885,0.06934574859103161,nan,0.35577318104967814
54,5.2044414643331525,5.27044599644405,25.94975471496582,5132.6552734375,0.38553531201513613,0.9974043618756179,0.8107887208827135,0.031,5.582468328565591,0.9986666666666667,0.425010216591745,0.005333333333333333,0.06456885982836126,0.035666666666666666,0.49856557377049177,0.19492981353446467,Body_wall_muscle,0.35577318104967814
55,5.1786309301600015,5.238792280682728,33.02555847167969,3639.283935546875,0.5501898672712279,0.9911228229093754,0.8845,0.019448946515397084,6.87105,0.9959481361426256,0.642,0.009724473257698542,0.11170000000000001,0.08103727714748785,0.15178405212534907,0.19287469287469286,Ciliated_amphid_neuron,0.35577318104967814
56,5.187437276652803,5.2388311807570656,32.00640869140625,1385.76318359375,0.41196938777443665,0.9934495006078521,0.8329694323144105,0.027292576419213975,6.7790393013100445,0.9978165938864629,0.7543668122270742,0.002183406113537118,0.13558951965065502,0.07314410480349345,0.14783207157604955,0.08036454018227009,Ciliated_non_amphid_neuron,0.35577318104967814
57,5.651409280966525,5.721331677936503,31.79584312438965,2211.37158203125,0.9313565891472868,0.996894379985147,0.5031055900621118,0.006211180124223602,0.5385093167701863,0.7391304347826086,0.36645962732919257,0.0,0.05652173913043478,0.062111801242236024,0.13388429752066117,0.06536697247706422,Coelomocyte,0.35577318104967814
58,5.703475463958013,5.869744420773119,25.597963333129883,305.802978515625,0.8667627974044702,0.9522727272727273,0.8809523809523809,0.09523809523809523,1.6928571428571428,0.9761904761904762,0.9761904761904762,0.047619047619047616,0.28095238095238095,0.14285714285714285,0.0625,0.007751937984496124,Excretory_cell,0.35577318104967814
59,5.469702174266181,5.551528314853287,26.178882598876953,293.3471984863281,0.3333333333333333,0.9791576204950065,0.875,0.020833333333333332,3.0625,1.0,0.7916666666666666,0.041666666666666664,0.1625,0.14583333333333334,0.0,0.0,Excretory_gland,0.35577318104967814
60,5.262130124752336,5.324629290410849,25.785634994506836,333.4779052734375,0.3333333333333333,0.9923072371146222,0.8769230769230769,0.06923076923076923,3.4630769230769234,1.0,0.3076923076923077,0.0,0.04384615384615385,0.08461538461538462,0.2152777777777778,0.0,GLR,0.35577318104967814
61,4.841728854965381,4.8647084104456795,22.29977035522461,740.0404052734375,0.9337780473013948,1.0,0.967032967032967,0.0,1.5582417582417583,0.3956043956043956,0.0,0.0,0.0,0.0,0.298989898989899,0.0,Germline,0.35577318104967814
62,5.491555649413653,5.57290574632057,31.274324417114258,1811.17724609375,0.5197870452528839,0.9728798112611255,0.8048780487804879,0.04878048780487805,3.111111111111111,0.943089430894309,0.8699186991869918,0.02710027100271003,0.24905149051490516,0.17073170731707318,0.09168303863785199,0.10048622366288491,Glia,0.35577318104967814
63,6.255583229760908,6.648193060540156,87.56109619140625,55962.828125,0.5904271653169497,0.9797251097075413,0.913,0.047223994894703254,2.3807500000000004,0.9917038927887684,0.482,0.3522654754307594,0.13285,0.25909380982769625,0.18615343491045175,0.0963998963998964,Hypodermis,0.35577318104967814
64,5.653341735493056,5.722475346739738,29.46312141418457,3448.54443359375,0.63346908552388,0.9863611002045836,0.7454545454545455,0.10909090909090909,1.2472727272727273,0.990909090909091,0.5272727272727272,0.00909090909090909,0.0990909090909091,0.17272727272727273,0.12328767123287672,0.05555555555555556,Intestinal_and_rectal_muscle,0.35577318104967814
65,7.550539842600096,8.017422632153737,108.01548767089844,103353.828125,0.9261139582702724,0.9899125184026978,0.930835734870317,0.005763688760806916,1.7775216138328531,0.6080691642651297,0.6138328530259366,0.005763688760806916,0.11671469740634006,0.07492795389048991,0.1604384653712008,0.19528023598820057,Intestine,0.35577318104967814
66,5.082524441383981,5.160540173910949,24.87982940673828,498.63262939453125,0.3333333333333333,0.9932429347577958,0.8783783783783784,0.013513513513513514,4.816216216216216,1.0,0.22972972972972974,0.013513513513513514,0.032432432432432434,0.05405405405405406,0.22619047619047616,0.021097046413502112,M_cell,0.35577318104967814
67,6.024297096977937,6.19764032682823,37.14592361450195,1325.3194580078125,0.8229978669769246,0.984658967915596,0.754601226993865,0.012269938650306749,1.820245398773006,0.9877300613496932,0.7055214723926381,0.03680981595092025,0.13680981595092026,0.08588957055214724,0.06288448393711552,0.002693602693602694,Pharyngeal_gland,0.35577318104967814
68,5.386908059168346,5.4800315101427515,28.37156867980957,1642.5509033203125,0.4173269087734049,0.9797897315504747,0.7878787878787878,0.1111111111111111,2.555555555555556,1.0,0.6868686868686869,0.04040404040404041,0.14343434343434344,0.21212121212121213,0.009803921568627453,0.0909090909090909,Pharyngeal_intestinal_valve,0.35577318104967814
69,5.232502908869222,5.294714100464638,27.596166610717773,5055.76025390625,0.5086848635235732,0.9886348960351286,0.8920454545454546,0.017045454545454544,2.9125,1.0,0.8863636363636364,0.005681818181818182,0.14659090909090908,0.07954545454545454,0.15625,0.02936096718480138,Pharyngeal_marginal_cell,0.35577318104967814
70,5.101323028171767,5.160815136309626,27.882781982421875,3533.14013671875,0.4320184471402222,0.9950979214225639,0.9196078431372549,0.00980392156862745,6.604117647058825,1.0,0.7274509803921568,0.00980392156862745,0.10607843137254902,0.06274509803921569,0.08766859344894028,0.09038682497127537,Pharyngeal_muscle,0.35577318104967814
71,5.217398507954321,5.26508292751175,26.205049514770508,984.1747436523438,0.5282976827094474,0.9880119762937418,0.8801369863013698,0.06506849315068493,4.247602739726028,0.9623287671232876,0.8356164383561644,0.003424657534246575,0.15684931506849317,0.08561643835616438,0.054441260744985676,0.0012368583797155224,Pharyngeal_neuron,0.35577318104967814
72,8.037230035236904,8.489140252183594,60.41664505004883,8309.1005859375,0.6796696244210056,0.9499770302690012,0.8857142857142857,0.21428571428571427,1.2242857142857142,1.0,0.9142857142857143,0.4714285714285714,0.41,0.6,0.03571428571428571,0.0379746835443038,Rectal_cell,0.35577318104967814
73,6.4533958490504775,6.804438482175086,24.115087509155273,1091.3037109375,0.5681104833647207,0.9533875338753388,0.9767441860465116,0.09302325581395349,2.086046511627907,1.0,0.7441860465116279,0.06976744186046512,0.27906976744186046,0.3953488372093023,0.052083333333333336,0.02608695652173913,Rectal_gland,0.35577318104967814
74,6.846716974977923,7.50350716156537,113.1152114868164,75021.4609375,0.7335852589759054,0.9733041991259737,0.8612099644128114,0.06583629893238434,1.3537366548042706,0.9590747330960854,0.6530249110320284,0.40569395017793597,0.16459074733096088,0.3202846975088968,0.18911819887429643,0.17698412698412697,Seam_cell,0.35577318104967814
75,5.555061680930002,5.734314914862263,12.420656204223633,8693.234375,0.625,0.9761769710720363,1.0,0.8571428571428571,1.1095238095238096,1.0,0.7619047619047619,1.0,0.22380952380952382,0.6666666666666666,0.11111111111111112,0.0,T,0.35577318104967814
76,5.418383338234642,5.519662878959626,25.871929168701172,254.88780212402344,0.8262152777777778,0.9674982060698156,0.8441558441558441,0.0,1.1012987012987014,0.8441558441558441,0.8571428571428571,0.012987012987012988,0.2012987012987013,0.18181818181818182,0.0,0.0,Z1_Z4,0.35577318104967814
77,5.546890543566812,5.689296503890831,27.485055923461914,1124.80078125,0.3333333333333333,0.9722007722007722,0.8888888888888888,0.08333333333333333,2.541666666666667,1.0,0.9722222222222222,0.1388888888888889,0.3111111111111111,0.4166666666666667,0.06666666666666667,0.021052631578947368,hmc,0.35577318104967814
78,5.474677701150216,5.5344852186047655,23.695667266845703,564.14208984375,0.6173964149280047,0.93521421107628,0.8709677419354839,0.12903225806451613,1.2129032258064516,1.0,0.9032258064516129,0.1935483870967742,0.2838709677419355,0.3870967741935484,0.09000000000000001,0.0125,hmc_homolog,0.35577318104967814
79,8.149200480917225,8.539395155637758,57.35148620605469,4636.2353515625,0.7200811359026369,0.9565217391304348,0.9130434782608695,0.391304347826087,0.8608695652173912,0.9130434782608695,0.8695652173913043,0.8695652173913043,0.5391304347826087,0.782608695652174,0.0,0.0,hyp1V_and_ant_arc_V,0.35577318104967814
80,4.9358503789106924,5.014502456872873,19.428264617919922,343.47314453125,0.3783733627146007,0.984663802205723,0.8976666666666666,0.03133333333333333,15.9915,1.0,0.9123333333333333,0.064,0.32903333333333334,0.126,0.07643670085710272,0.06942132576128464,nan,0.35577318104967814
