,1-Wasserstein_PCA,2-Wasserstein_PCA,Linear_MMD_PCA,Poly_MMD_PCA,KNN identity,KNN identity PCA,precision,recall,density,coverage,precision_PCA,recall_PCA,density_PCA,coverage_PCA,KNN category,KNN category PCA,ct,global_f1
0,5.276479764779397,5.352029585468833,22.149913787841797,2634.3310546875,0.7174993600552564,0.9973333143702354,0.294,0.35,1.1852333333333334,0.976,0.42933333333333334,0.005333333333333333,0.06613333333333334,0.034,0.4955439717504624,0.46101329500538984,Body_wall_muscle,0.31527435339825166
1,6.454696028893345,6.7638194426157785,47.8967170715332,4257.74462890625,0.8629029501247736,0.9939219796942897,0.3038897893030794,0.2852512155591572,0.9073743922204214,0.8565640194489466,0.49513776337115073,0.008103727714748784,0.08679092382495948,0.06564019448946515,0.08573049185641358,0.06777909037212049,Ciliated_amphid_neuron,0.31527435339825166
2,6.543096605607,6.850345199809827,45.83430480957031,1490.581298828125,0.8400574484029611,0.9939954167080093,0.2314410480349345,0.25,1.4445414847161573,0.9290393013100436,0.49563318777292575,0.012008733624454149,0.07871179039301311,0.048034934497816595,0.06707244301229263,0.02602262097117102,Ciliated_non_amphid_neuron,0.31527435339825166
3,6.30193651388891,6.472476610223212,39.58198928833008,2629.841064453125,0.7486491692264023,0.996894379985147,0.2857142857142857,0.5093167701863354,0.3049689440993789,0.8136645962732919,0.39751552795031053,0.024844720496894408,0.07142857142857144,0.08695652173913043,0.29398148148148145,0.059523809523809514,Coelomocyte,0.31527435339825166
4,6.925199378104438,7.308666154228482,38.92610168457031,496.4337158203125,0.8452161587526578,0.9642401021711366,0.6428571428571429,0.6904761904761905,0.7785714285714286,0.8095238095238095,0.8095238095238095,0.09523809523809523,0.16904761904761906,0.21428571428571427,0.09615384615384615,0.0,Excretory_cell,0.31527435339825166
5,6.9795472125212354,7.633139756526628,40.39409637451172,867.1297607421875,0.6812144212523719,0.9791576204950065,0.5208333333333334,0.3125,1.4270833333333335,1.0,0.6041666666666666,0.1875,0.1375,0.20833333333333334,0.0,0.0,Excretory_gland,0.31527435339825166
6,7.802524304389956,8.316180420604663,55.10755157470703,766.191650390625,0.869037037037037,0.9923072371146222,0.26153846153846155,0.5615384615384615,0.4,0.9461538461538461,0.2846153846153846,0.007692307692307693,0.045384615384615384,0.09230769230769231,0.03854875283446712,0.0,GLR,0.31527435339825166
7,5.991070922914445,6.064333788652169,33.32059097290039,919.3573608398438,0.6069636865012127,1.0,0.2857142857142857,0.9560439560439561,0.13956043956043956,0.4835164835164835,0.0,0.0,0.0,0.0,0.32,0.0,Germline,0.31527435339825166
8,6.099090559372733,6.289361513994168,36.037044525146484,1902.354248046875,0.784335029260361,0.9769525401622103,0.44715447154471544,0.20596205962059622,2.434959349593496,0.9024390243902439,0.8373983739837398,0.07046070460704607,0.28292682926829266,0.14634146341463414,0.05378787878787878,0.07229612492770388,Glia,0.31527435339825166
9,9.347925348196648,10.00064187247766,91.21597290039062,53472.3984375,0.8536415137234495,0.9798953866061499,0.26611359285258457,0.7887683471601787,0.4427568602425016,0.34716017868538607,0.6790044671346522,0.398851308232291,0.20338225909380983,0.1633694958519464,0.07241613780598367,0.08304467537081445,Hypodermis,0.31527435339825166
10,5.70727722644806,5.885244642072459,31.396963119506836,3159.831787109375,0.769989963198394,0.972706972128029,0.4090909090909091,0.45454545454545453,0.37363636363636366,0.8545454545454545,0.6090909090909091,0.1,0.1181818181818182,0.11818181818181818,0.18101545253863136,0.0,Intestinal_and_rectal_muscle,0.31527435339825166
11,6.485443936988323,6.796176768570407,83.1895523071289,72731.96875,0.7673231454744059,0.9913538205980067,0.39481268011527376,0.861671469740634,0.1697406340057637,0.5244956772334294,0.43804034582132567,0.06051873198847262,0.05965417867435159,0.09510086455331412,0.33042635658914726,1.0,Intestine,0.31527435339825166
12,6.965858475582017,7.07226149576276,44.941978454589844,849.30322265625,0.7821772776907373,1.0,0.20270270270270271,0.527027027027027,0.4,0.9864864864864865,0.06756756756756757,0.02702702702702703,0.010810810810810811,0.04054054054054054,0.12626262626262627,0.0,M_cell,0.31527435339825166
13,7.350662974492173,7.7308272460559575,50.50746154785156,1848.762939453125,0.8673178673178674,0.984658967915596,0.22699386503067484,0.5644171779141104,0.2294478527607362,0.7423312883435583,0.6932515337423313,0.012269938650306749,0.1276073619631902,0.06748466257668712,0.11277533039647578,0.011627906976744186,Pharyngeal_gland,0.31527435339825166
14,7.196844611505066,7.573209263924579,47.59355163574219,2328.104736328125,0.6552072800808898,0.9898979591836735,0.25252525252525254,0.6262626262626263,0.33535353535353535,0.9595959595959596,0.5353535353535354,0.0707070707070707,0.09696969696969698,0.20202020202020202,0.03669724770642202,0.04801920768307323,Pharyngeal_intestinal_valve,0.31527435339825166
15,7.125248694961721,7.3249823147497795,46.055477142333984,7735.353515625,0.838611429507123,0.991476653617983,0.19318181818181818,0.6022727272727273,0.5011363636363637,0.8863636363636364,0.5568181818181818,0.028409090909090908,0.0778409090909091,0.07386363636363637,0.09387755102040816,0.006906077348066299,Pharyngeal_marginal_cell,0.31527435339825166
16,6.8196880658467665,6.949098960250077,46.062870025634766,5434.4013671875,0.8084589473848935,0.9950979214225639,0.307843137254902,0.492156862745098,0.4296078431372549,0.8784313725490196,0.5568627450980392,0.013725490196078431,0.09333333333333334,0.045098039215686274,0.08185404339250493,0.07723577235772358,Pharyngeal_muscle,0.31527435339825166
17,8.128372075623028,8.650807805015623,57.70743942260742,1610.7470703125,0.8079466309620287,0.9880119762937418,0.17123287671232876,0.5787671232876712,0.29006849315068495,0.7226027397260274,0.410958904109589,0.0136986301369863,0.07945205479452055,0.08561643835616438,0.011003236245954692,0.00048756704046806434,Pharyngeal_neuron,0.31527435339825166
18,7.731558677128384,8.007433290441462,55.77137756347656,6933.66748046875,0.8566748566748568,0.9642693073350008,0.4714285714285714,0.7571428571428571,0.3871428571428572,0.9,0.8285714285714286,0.5285714285714286,0.2742857142857143,0.6,0.031578947368421054,0.031578947368421054,Rectal_cell,0.31527435339825166
19,8.077753998512444,8.331928843346567,43.63134002685547,1336.22802734375,0.837121212121212,0.9883705206220419,0.46511627906976744,0.6511627906976745,0.5488372093023256,0.7674418604651163,0.6744186046511628,0.16279069767441862,0.12558139534883722,0.27906976744186046,0.10457516339869283,0.00909090909090909,Rectal_gland,0.31527435339825166
20,8.320037580893981,8.916718280437868,127.25509643554688,84811.9609375,0.8070585004119748,0.9830957509037472,0.20640569395017794,0.8701067615658363,0.1325622775800712,0.505338078291815,0.4822064056939502,0.47330960854092524,0.10249110320284699,0.24555160142348753,0.23302469135802473,0.17589388696655134,Seam_cell,0.31527435339825166
21,10.028121187573388,10.518821870062727,68.12139892578125,23839.9296875,0.71880706025563,0.9522727272727273,0.47619047619047616,1.0,0.16666666666666669,0.5714285714285714,0.5238095238095238,1.0,0.09523809523809523,0.23809523809523808,0.0,0.0,T,0.31527435339825166
22,5.835001784485656,6.019640273540859,31.047391891479492,192.0966339111328,0.8114895952049301,0.9805120850381743,0.35064935064935066,0.5194805194805194,0.48051948051948057,0.987012987012987,0.7142857142857143,0.03896103896103896,0.17272727272727273,0.22077922077922077,0.15315315315315314,0.0,Z1_Z4,0.31527435339825166
23,5.9991647137535935,6.3278004880986405,33.34653854370117,1005.71484375,0.8881118881118881,0.9861084314103801,0.7222222222222222,0.25,1.2916666666666667,1.0,0.8333333333333334,0.3611111111111111,0.22777777777777777,0.4722222222222222,0.013513513513513514,0.010810810810810811,hmc,0.31527435339825166
24,6.186799380087083,6.423978531238686,30.029809951782227,643.7557373046875,0.8697478991596639,0.9514993481095175,0.41935483870967744,0.6129032258064516,0.5258064516129032,0.9354838709677419,0.7096774193548387,0.0967741935483871,0.16129032258064516,0.2903225806451613,0.12280701754385964,0.0,hmc_homolog,0.31527435339825166
25,7.464314450388371,8.094282964244327,47.42640686035156,3358.26513671875,0.9128787878787878,1.0,0.782608695652174,0.8260869565217391,0.8086956521739131,1.0,0.8695652173913043,0.9130434782608695,0.4304347826086956,0.6956521739130435,0.0,0.0,hyp1V_and_ant_arc_V,0.31527435339825166
26,7.063802255272844,7.482311490462059,44.297847747802734,989.889404296875,0.7715126788316526,0.9826616558852175,0.236,0.2833333333333333,1.5208000000000002,0.9846666666666667,0.7313333333333333,0.04933333333333333,0.23106666666666667,0.12533333333333332,0.05839292752970325,0.052504722819360305,nan,0.31527435339825166
27,5.291579246362064,5.3658009194603,25.373741149902344,3625.8310546875,0.7339550384014898,0.9971666439211138,0.2836666666666667,0.33066666666666666,1.1741333333333335,0.9826666666666667,0.4266666666666667,0.008333333333333333,0.06436666666666667,0.03666666666666667,0.4956287827841291,0.4653359472464801,Body_wall_muscle,0.31527435339825166
28,6.574706548809805,6.904632932350319,49.47758483886719,4405.99560546875,0.877082724133391,0.9947324308327813,0.2771474878444084,0.31037277147487846,0.7914910858995139,0.8776337115072933,0.5008103727714749,0.011345218800648298,0.083387358184765,0.060777957860615885,0.08470434924254765,0.059768299104792005,Ciliated_amphid_neuron,0.31527435339825166
29,6.616143040781982,6.950808862967575,48.58190155029297,1588.1048583984375,0.8430487557698054,0.9950872176781502,0.25109170305676853,0.212882096069869,1.4611353711790394,0.9650655021834061,0.4868995633187773,0.009825327510917031,0.08165938864628822,0.05895196506550218,0.061677631578947366,0.031983385254413285,Ciliated_non_amphid_neuron,0.31527435339825166
30,7.02554938511819,7.450967934306597,47.45102310180664,3004.337890625,0.8157822055632276,0.9906824210272487,0.2608695652173913,0.4720496894409938,0.3173913043478261,0.7515527950310559,0.43478260869565216,0.024844720496894408,0.08012422360248447,0.08695652173913043,0.27777777777777773,0.030526315789473686,Coelomocyte,0.31527435339825166
31,7.788513739903767,8.081395646872108,57.830810546875,1384.430419921875,0.8207936282178923,0.9522727272727273,0.42857142857142855,0.8571428571428571,0.4357142857142857,0.5952380952380952,0.8095238095238095,0.19047619047619047,0.14523809523809525,0.09523809523809523,0.1103448275862069,0.0,Excretory_cell,0.31527435339825166
32,7.485657930374145,7.9394767382381275,49.570255279541016,404.26611328125,0.625,0.9895822029300054,0.4791666666666667,0.20833333333333334,1.5895833333333336,1.0,0.4791666666666667,0.14583333333333334,0.08541666666666667,0.10416666666666667,0.0,0.0,Excretory_gland,0.31527435339825166
33,6.990109957181486,7.26591449170289,44.63251876831055,371.6857604980469,0.8576733588791408,0.9923072371146222,0.26153846153846155,0.5307692307692308,0.5269230769230769,1.0,0.3384615384615385,0.0,0.05,0.11538461538461539,0.07516339869281045,0.0,GLR,0.31527435339825166
34,5.833363166222206,5.925589808555191,32.51569747924805,964.0301513671875,0.5994397759103641,1.0,0.3516483516483517,0.8461538461538461,0.24835164835164836,0.6263736263736264,0.0,0.0,0.0,0.0,1.0,0.0,Germline,0.31527435339825166
35,6.497344019613293,6.7648151795730005,38.69025421142578,2330.93310546875,0.7588706285302247,0.9755952380952382,0.4146341463414634,0.18157181571815717,2.613821138211382,0.907859078590786,0.8428184281842819,0.05420054200542006,0.2682926829268293,0.15447154471544716,0.04334975369458128,0.07972508591065293,Glia,0.31527435339825166
36,9.300626543576946,9.932527378027054,99.68875885009766,62255.2734375,0.8415422321769586,0.9837248367764069,0.2935545628589662,0.7983407785577536,0.49438417358008935,0.3248245054243778,0.6758136566687939,0.3771537970644544,0.2050414805360562,0.15890236119974474,0.059587813620071685,0.07332255456750202,Hypodermis,0.31527435339825166
37,6.176231921802868,6.316029521422034,41.68583297729492,4799.7001953125,0.8255280073461893,0.9818121693121693,0.34545454545454546,0.4636363636363636,0.25818181818181823,0.6454545454545455,0.5363636363636364,0.02727272727272727,0.10636363636363638,0.10909090909090909,0.14285714285714285,0.006006006006006006,Intestinal_and_rectal_muscle,0.31527435339825166
38,6.074986753271359,6.266626397989639,92.97818756103516,82929.46875,0.770028575363217,0.9913538205980067,0.42363112391930835,0.8559077809798271,0.18876080691642652,0.5244956772334294,0.414985590778098,0.043227665706051875,0.06167146974063401,0.10086455331412104,0.33091436865021767,0.49927849927849927,Intestine,0.31527435339825166
39,6.852886167732443,7.03542121765937,41.91077423095703,701.6676025390625,0.7526619872988589,1.0,0.14864864864864866,0.581081081081081,0.07972972972972973,0.5540540540540541,0.06756756756756757,0.0,0.008108108108108109,0.04054054054054054,0.18770226537216828,0.0,M_cell,0.31527435339825166
40,7.121937156454916,7.4783409414647535,49.05864334106445,1812.265869140625,0.8554351005311972,0.984658967915596,0.2883435582822086,0.5398773006134969,0.45214723926380374,0.9263803680981595,0.6441717791411042,0.006134969325153374,0.12085889570552147,0.0736196319018405,0.11277533039647578,0.010465116279069767,Pharyngeal_gland,0.31527435339825166
41,6.99279956143312,7.301417586284824,43.67373275756836,2403.50830078125,0.5299173553719008,0.9898979591836735,0.26262626262626265,0.6161616161616161,0.23838383838383836,0.8888888888888888,0.4444444444444444,0.10101010101010101,0.07575757575757576,0.1919191919191919,0.07327586206896551,0.036637931034482756,Pharyngeal_intestinal_valve,0.31527435339825166
42,7.127306925979534,7.27613266740917,45.95998764038086,7623.16162109375,0.7821126242178873,0.991476653617983,0.1534090909090909,0.6193181818181818,0.2147727272727273,0.7329545454545454,0.5340909090909091,0.35795454545454547,0.0653409090909091,0.06818181818181818,0.09523809523809523,0.0016142050040355127,Pharyngeal_marginal_cell,0.31527435339825166
43,6.842153898407432,6.973304684542619,47.1895866394043,5417.7548828125,0.8413442169667589,0.9950979214225639,0.27450980392156865,0.5137254901960784,0.42490196078431375,0.8784313725490196,0.5411764705882353,0.013725490196078431,0.08686274509803922,0.043137254901960784,0.050505050505050504,0.06886182528943016,Pharyngeal_muscle,0.31527435339825166
44,8.232681769214262,8.763500001969817,61.79469299316406,1670.9110107421875,0.7768318151521884,0.9914377285349426,0.18835616438356165,0.6267123287671232,0.24726027397260275,0.5993150684931506,0.3698630136986301,0.010273972602739725,0.0684931506849315,0.07191780821917808,0.011677282377919318,0.0,Pharyngeal_neuron,0.31527435339825166
45,7.908344493593488,8.252422744918311,68.98612213134766,9332.041015625,0.9,0.957063995093028,0.4142857142857143,0.6714285714285714,0.34285714285714286,0.6857142857142857,0.8,0.37142857142857144,0.32000000000000006,0.37142857142857144,0.0379746835443038,0.07058823529411765,Rectal_cell,0.31527435339825166
46,8.46579830036607,8.859250212630304,51.066436767578125,3410.8095703125,0.8349780701754386,0.9883705206220419,0.5348837209302325,0.627906976744186,0.7627906976744186,0.813953488372093,0.627906976744186,0.23255813953488372,0.09534883720930233,0.13953488372093023,0.021739130434782608,0.006493506493506493,Rectal_gland,0.31527435339825166
47,8.595812058533625,9.215985395309387,124.33927917480469,81852.9609375,0.820493515720995,0.9822063493571174,0.18505338078291814,0.8451957295373665,0.1199288256227758,0.49110320284697506,0.42170818505338076,0.5,0.0905693950177936,0.2580071174377224,0.23151374370886565,0.2243211334120425,Seam_cell,0.31527435339825166
48,9.360021273295086,9.779078205474852,72.71488189697266,26881.21875,0.8541666666666667,0.9523809523809523,0.42857142857142855,1.0,0.1285714285714286,0.3333333333333333,0.6666666666666666,0.9523809523809523,0.1285714285714286,0.19047619047619047,0.0,0.0,T,0.31527435339825166
49,5.738397753083864,5.898917151627912,26.62090492248535,249.10369873046875,0.8304539295392954,0.9740084388185654,0.2857142857142857,0.4935064935064935,0.42597402597402595,0.8701298701298701,0.7532467532467533,0.03896103896103896,0.17272727272727273,0.2077922077922078,0.17777777777777778,0.0,Z1_Z4,0.31527435339825166
50,6.20494133234024,6.65723272639831,33.250946044921875,1076.6798095703125,0.8469565217391304,0.9444015444015443,0.75,0.3611111111111111,1.0583333333333333,0.9722222222222222,0.8888888888888888,0.4722222222222222,0.20833333333333337,0.3888888888888889,0.038461538461538464,0.021052631578947368,hmc,0.31527435339825166
51,6.354065164442987,6.559289975147212,35.32244873046875,993.9230346679688,0.8863576852579209,0.9514993481095175,0.5483870967741935,0.6129032258064516,0.3838709677419355,0.9032258064516129,0.7419354838709677,0.2903225806451613,0.1774193548387097,0.3548387096774194,0.1081081081081081,0.0,hmc_homolog,0.31527435339825166
52,8.20418624255968,8.744765944628735,58.482181549072266,3452.4833984375,0.9128787878787878,1.0,0.782608695652174,0.8260869565217391,0.6956521739130435,0.9130434782608695,0.8695652173913043,0.9565217391304348,0.4,0.5652173913043478,0.05333333333333334,0.0,hyp1V_and_ant_arc_V,0.31527435339825166
53,7.155394099871316,7.592662737001156,45.53252029418945,985.0028076171875,0.7739565745836203,0.9839962373375785,0.236,0.2776666666666667,1.5677666666666668,0.9796666666666667,0.7256666666666667,0.035333333333333335,0.22393333333333332,0.109,0.05428194993412385,0.04396712738139709,nan,0.31527435339825166
54,5.291469990173978,5.365056121416492,22.361303329467773,2916.388671875,0.7339605673962254,0.9974999843749024,0.2786666666666667,0.3426666666666667,1.1490666666666667,0.9896666666666667,0.4246666666666667,0.005,0.0641,0.03266666666666666,0.4965598254740728,0.23108641089996415,Body_wall_muscle,0.31527435339825166
55,6.4806229944553735,6.796293289112414,48.35788345336914,4264.296875,0.8795362135346487,0.9947324308327813,0.26904376012965964,0.2965964343598055,0.8341166936790924,0.8565640194489466,0.5032414910858996,0.008103727714748784,0.08517017828200973,0.0640194489465154,0.07481544576944918,0.06852941176470588,Ciliated_amphid_neuron,0.31527435339825166
56,6.631008563603908,6.973342466911804,49.04210662841797,1633.437744140625,0.848791512653994,0.9939954167080093,0.24890829694323144,0.2631004366812227,1.1610262008733625,0.9355895196506551,0.4836244541484716,0.006550218340611353,0.08165938864628822,0.055676855895196505,0.05756302521008403,0.034976525821596244,Ciliated_non_amphid_neuron,0.31527435339825166
57,6.243258374077935,6.423326897207863,39.743019104003906,2736.868896484375,0.8203459177980288,0.9906824210272487,0.3416149068322981,0.43478260869565216,0.5944099378881987,0.9751552795031055,0.5217391304347826,0.012422360248447204,0.09813664596273292,0.09937888198757763,0.287396937573616,0.04737231680236862,Coelomocyte,0.31527435339825166
58,7.728784283002216,7.974855413861598,54.43608856201172,1114.1094970703125,0.6863330843913369,0.9522727272727273,0.40476190476190477,0.8809523809523809,0.33571428571428574,0.9761904761904762,0.9285714285714286,0.14285714285714285,0.15952380952380954,0.14285714285714285,0.2608695652173913,0.0,Excretory_cell,0.31527435339825166
59,7.271341120203337,7.84713974058826,40.48571014404297,263.3474426269531,0.6446567164179104,0.9791576204950065,0.625,0.25,1.40625,1.0,0.5,0.08333333333333333,0.08958333333333335,0.14583333333333334,0.0,0.0,Excretory_gland,0.31527435339825166
60,7.519403758415807,7.750767530198276,53.56962966918945,616.8583984375,0.8537076522151149,0.9884600020712816,0.2076923076923077,0.5692307692307692,0.3861538461538462,0.9769230769230769,0.2923076923076923,0.03076923076923077,0.05230769230769231,0.07692307692307693,0.07516339869281045,0.0,GLR,0.31527435339825166
61,5.8311869862315415,5.903258571243463,32.40300750732422,976.2672119140625,0.7047991603854593,1.0,0.2857142857142857,0.8571428571428571,0.24725274725274726,0.5274725274725275,0.0,0.0,0.0,0.0,0.3239171374764595,0.0,Germline,0.31527435339825166
62,6.2297119183268945,6.427891528055297,36.64968490600586,1948.92724609375,0.7878867056856187,0.9715296084356717,0.44173441734417346,0.22493224932249323,2.142547425474255,0.8590785907859079,0.8617886178861789,0.15176151761517614,0.2823848238482385,0.19241192411924118,0.058333333333333334,0.09440993788819876,Glia,0.31527435339825166
63,9.393449336841897,10.031238940528967,99.12950897216797,60518.6015625,0.8569864160526988,0.9824485964426563,0.2654754307594129,0.797702616464582,0.4514996809189534,0.3618379068283344,0.7032546266751755,0.35162731333758773,0.21225271218889596,0.15698787492022973,0.04642418661755678,0.08226152197213289,Hypodermis,0.31527435339825166
64,6.1392081737518325,6.30737135352155,35.2136116027832,2723.82666015625,0.8681136950904393,0.9863611002045836,0.4,0.4909090909090909,0.39,0.8454545454545455,0.5545454545454546,0.05454545454545454,0.10363636363636364,0.1,0.13908872901678657,0.0,Intestinal_and_rectal_muscle,0.31527435339825166
65,6.145112160646948,6.3473685913798885,81.75348663330078,73001.6875,0.7906754371891545,0.9913538205980067,0.3631123919308357,0.8443804034582133,0.16455331412103746,0.547550432276657,0.3976945244956772,0.01729106628242075,0.052449567723342944,0.07492795389048991,0.3284600389863548,0.49927849927849927,Intestine,0.31527435339825166
66,6.628334680119076,6.78126831660361,40.78807067871094,778.8574829101562,0.8500092131932928,1.0,0.3783783783783784,0.3783783783783784,0.654054054054054,1.0,0.14864864864864866,0.02702702702702703,0.01891891891891892,0.04054054054054054,0.18770226537216828,0.0,M_cell,0.31527435339825166
67,7.427351303627153,7.7393784164904,54.25969314575195,2078.02783203125,0.7801032994141227,0.984658967915596,0.2085889570552147,0.7055214723926381,0.21042944785276074,0.6073619631901841,0.656441717791411,0.018404907975460124,0.1165644171779141,0.06748466257668712,0.07873015873015873,0.005411255411255411,Pharyngeal_gland,0.31527435339825166
68,6.653620833098285,6.8403146173697555,39.27827453613281,2165.542724609375,0.5877385772122614,0.9898979591836735,0.23232323232323232,0.5555555555555556,0.2686868686868687,0.9797979797979798,0.43434343434343436,0.08080808080808081,0.06767676767676768,0.18181818181818182,0.03333333333333334,0.049999999999999996,Pharyngeal_intestinal_valve,0.31527435339825166
69,7.206341887062246,7.346315118172184,46.417606353759766,7469.2294921875,0.7986987692180183,0.9943179983857949,0.18181818181818182,0.7159090909090909,0.12556818181818183,0.5795454545454546,0.5397727272727273,0.011363636363636364,0.07215909090909091,0.05113636363636364,0.13179916317991633,0.004189944134078212,Pharyngeal_marginal_cell,0.31527435339825166
70,6.788005352020259,6.923406080979992,48.01619338989258,5918.9921875,0.8279505682633361,0.9950979214225639,0.24705882352941178,0.4196078431372549,0.6603921568627451,0.9686274509803922,0.5215686274509804,0.0058823529411764705,0.08137254901960785,0.041176470588235294,0.07483977672110811,0.05634149341862468,Pharyngeal_muscle,0.31527435339825166
71,7.817832245402141,8.251858288972224,53.68934631347656,1512.4295654296875,0.7990914303356415,0.9880119762937418,0.22602739726027396,0.5753424657534246,0.34246575342465757,0.6541095890410958,0.4383561643835616,0.017123287671232876,0.08527397260273972,0.07534246575342465,0.01038961038961039,0.0004015257980325236,Pharyngeal_neuron,0.31527435339825166
72,8.440968639510022,8.926112305874602,74.0891342163086,11590.6298828125,0.835032532404324,0.9571341090018372,0.45714285714285713,0.6571428571428571,0.5928571428571429,0.8285714285714286,0.7714285714285715,0.5285714285714286,0.23571428571428574,0.37142857142857144,0.031578947368421054,0.022222222222222223,Rectal_cell,0.31527435339825166
73,7.66726423973261,7.9107126691816925,48.557247161865234,3081.00390625,0.7775962978086294,0.9883705206220419,0.5581395348837209,0.46511627906976744,1.0395348837209304,0.813953488372093,0.627906976744186,0.3953488372093023,0.1418604651162791,0.32558139534883723,0.07,0.012698412698412697,Rectal_gland,0.31527435339825166
74,8.35097006376952,8.826188777232662,102.63970184326172,70533.328125,0.8272719363648855,0.9795373503512417,0.19750889679715303,0.8576512455516014,0.12722419928825623,0.5106761565836299,0.43238434163701067,0.5160142348754448,0.0807829181494662,0.21352313167259787,0.23452518262206845,0.2320185614849188,Seam_cell,0.31527435339825166
75,9.304747785840716,9.796455889451954,69.9747543334961,26299.115234375,0.8285714285714285,0.9761769710720363,0.47619047619047616,1.0,0.14761904761904762,0.3333333333333333,0.6666666666666666,0.8571428571428571,0.1523809523809524,0.2857142857142857,0.0,0.0,T,0.31527435339825166
76,6.001107160147136,6.256743867501659,33.51332092285156,248.77084350585938,0.7878787878787878,0.9740084388185654,0.23376623376623376,0.5454545454545454,0.34285714285714286,0.8311688311688312,0.7012987012987013,0.05194805194805195,0.13246753246753248,0.2077922077922078,0.1869158878504673,0.0,Z1_Z4,0.31527435339825166
77,6.449078990353479,6.980886951441137,41.7601432800293,1154.075927734375,0.9023066485753053,0.9722007722007722,0.6944444444444444,0.4166666666666667,1.0194444444444446,1.0,0.8055555555555556,0.2777777777777778,0.16666666666666669,0.3333333333333333,0.038461538461538464,0.013513513513513514,hmc,0.31527435339825166
78,5.961651479044268,6.36385115667297,25.131683349609375,119.5323486328125,0.8708333333333333,0.93521421107628,0.7419354838709677,0.5161290322580645,0.7709677419354839,1.0,0.7419354838709677,0.2903225806451613,0.1645161290322581,0.3225806451612903,0.12280701754385964,0.0,hmc_homolog,0.31527435339825166
79,9.016427081564197,9.611638414975452,73.73633575439453,4485.9892578125,0.8912529550827424,1.0,0.6956521739130435,0.9565217391304348,0.4304347826086956,0.8260869565217391,0.782608695652174,0.9130434782608695,0.34347826086956523,0.5652173913043478,0.027777777777777776,0.0,hyp1V_and_ant_arc_V,0.31527435339825166
80,7.134434180180241,7.5955145578739405,45.96949005126953,1179.2672119140625,0.7576886458396318,0.9818273358493674,0.24833333333333332,0.26366666666666666,1.6982333333333335,0.9816666666666667,0.737,0.056,0.238,0.12066666666666667,0.06270506744440393,0.04438264738598443,nan,0.31527435339825166
