,1-Wasserstein_PCA,2-Wasserstein_PCA,Linear_MMD_PCA,Poly_MMD_PCA,RBF_MMD_PCA,KNN identity,KNN identity PCA,precision,recall,density,coverage,precision_PCA,recall_PCA,density_PCA,coverage_PCA,KNN category,KNN category PCA,ct,global_f1
0,7.57135648314156,7.8922325270042935,41.400142669677734,10828.79296875,0.11469435691833496,0.805279471257584,0.997999994444429,0.25266666666666665,0.75,0.17546666666666666,0.41933333333333334,0.13433333333333333,0.034333333333333334,0.023466666666666667,0.034333333333333334,0.0765432098765432,0.07129041171594364,Kidney,0.8229855429065687
1,7.003560849143522,7.052977988616241,39.17211151123047,27049.640625,0.2975492477416992,0.8091393414266783,1.0,0.06860158311345646,0.8151041666666666,0.023482849604221638,0.09635416666666667,0.005277044854881266,0.0,0.00079155672823219,0.005208333333333333,0.24733333333333332,0.19840425531914893,Large_Intestine,0.8229855429065687
2,8.23495128313701,8.534700989412196,42.07398223876953,13065.94140625,0.14283967018127441,0.8346542473634686,0.9936664126194394,0.2806666666666667,0.7506666666666667,0.1673,0.5413333333333333,0.3006666666666667,0.03233333333333333,0.055733333333333336,0.044,0.08129209529873002,0.09212513484358144,Limb_Muscle,0.8229855429065687
3,7.554099969771686,8.092257568550295,284.5601501464844,269503.0625,0.11380577087402344,0.7718070830060224,0.9971667281177654,0.2038765254845657,0.8106219426974144,0.11371141421392679,0.2082459818308875,0.13711414213926776,0.04472396925227114,0.028356066044508257,0.03284416491963662,0.10274883142501823,0.0912568306010929,Liver,0.8229855429065687
4,7.179375734647119,7.30249526850273,38.082366943359375,3321.681640625,0.15635108947753906,0.7785733614591354,0.9978333231619894,0.278,0.752,0.23083333333333333,0.5473333333333333,0.097,0.018,0.015433333333333334,0.02033333333333333,0.06918177682459219,0.06339557099435518,Lung,0.8229855429065687
5,8.073027877176672,8.550912652055509,53.937896728515625,6043.00390625,0.1493840217590332,0.8579532421970124,0.9971913458520134,0.2774013551215624,0.6611470113085622,0.20482263850139498,0.5735056542810986,0.35472299721004386,0.018578352180936994,0.05615783180550021,0.027463651050080775,0.053526334776334776,0.04752856798779672,Mammary_Gland,0.8229855429065687
6,6.953327450911203,7.183795736598836,37.6301383972168,13025.66796875,0.14550304412841797,0.742070402337665,0.9988333317453681,0.30566666666666664,0.8673333333333333,0.14196666666666666,0.5163333333333333,0.19933333333333333,0.005666666666666667,0.0228,0.012,0.16035288012454593,0.16317849242810958,Marrow,0.8229855429065687
7,6.827268822737591,6.9752074725859,214.2867889404297,161120.59375,0.22656536102294922,0.57842937833651,0.9946959152904562,0.1493877551020408,0.8784665579119086,0.07093877551020408,0.2553017944535073,0.5355102040816326,0.048939641109298535,0.1279183673469388,0.0432300163132137,0.19934479934479937,0.16618911174785103,Pancreas,0.8229855429065687
8,6.444856930545207,6.51624035073241,34.29302978515625,16456.15234375,0.2563815116882324,0.746265015915671,1.0,0.14156285390713477,0.7399553571428571,0.06319365798414496,0.16183035714285715,0.0011325028312570782,0.0,0.00011325028312570783,0.0011160714285714285,0.3321969696969697,0.3321969696969697,Skin,0.8229855429065687
9,6.384946225802102,6.437268174475486,35.9354248046875,3200.14794921875,0.27077198028564453,0.7524285192121677,0.9989999989999989,0.3416666666666667,0.723,0.28796666666666665,0.7993333333333333,0.11433333333333333,0.015666666666666666,0.014766666666666668,0.018333333333333333,0.10483066267535364,0.06452923910589298,Spleen,0.8229855429065687
10,6.72647127892907,6.824750444686195,59.40773010253906,4955.65478515625,0.2770078182220459,0.763767274838949,0.9992065582233284,0.29085140137493387,0.7666666666666667,0.22834479111581174,0.555026455026455,0.6795346377578001,0.0026455026455026454,0.11671073506081438,0.01216931216931217,0.07581061164333087,0.027843045112781954,Thymus,0.8229855429065687
11,6.810632172266657,6.856921363029181,36.580257415771484,23154.8203125,0.20627164840698242,0.8466216496938725,0.999499999875,0.16566666666666666,0.7806666666666666,0.054533333333333336,0.247,0.24666666666666667,0.021666666666666667,0.027200000000000002,0.003,0.24958263772954928,0.4999166527754626,Tongue,0.8229855429065687
12,7.892751757689947,8.054941980375464,43.554622650146484,15563.208984375,0.17026019096374512,0.8788990738096015,0.9955831330882371,0.2512406947890819,0.6658114175753689,0.12661290322580646,0.46311738293778065,0.20595533498759305,0.03463758819756254,0.03238213399503722,0.0359204618345093,0.07941045676894733,0.08703573931324457,Trachea,0.8229855429065687
13,7.414288788795447,7.670420459187786,30.46987533569336,3775.41015625,0.11192536354064941,0.8304087183272424,0.997999991999968,0.25033333333333335,0.7396666666666667,0.1559,0.43366666666666664,0.13666666666666666,0.030333333333333334,0.022833333333333334,0.03166666666666667,0.06960782480222924,0.078419452887538,Kidney,0.8229855429065687
14,7.013871289967073,7.068677614241849,44.196292877197266,32333.2890625,0.30036306381225586,0.8713336375701263,1.0,0.07635467980295567,0.7916666666666666,0.031280788177339904,0.13020833333333334,0.0049261083743842365,0.0,0.0024630541871921187,0.015625,0.24751243781094528,0.24845105328376704,Large_Intestine,0.8229855429065687
15,8.409365501483283,8.724221076062044,46.11955642700195,15760.08203125,0.14937305450439453,0.8523327426643039,0.993166347573063,0.283,0.7353333333333333,0.20053333333333334,0.568,0.32066666666666666,0.03866666666666667,0.0591,0.045,0.09004947773501923,0.09206691851052348,Limb_Muscle,0.8229855429065687
16,7.439670505097812,7.8084152368596245,277.91436767578125,264830.78125,0.11586403846740723,0.7900539501056927,0.996915269422231,0.19489247311827956,0.8050314465408805,0.08366935483870969,0.19986023759608665,0.11895161290322581,0.04053109713487072,0.023252688172043012,0.0363382250174703,0.10429545094309717,0.09142648668369208,Liver,0.8229855429065687
17,7.168431512991582,7.276061326965403,36.146854400634766,3146.1484375,0.15627813339233398,0.7777587270863282,0.997999991999968,0.27,0.751,0.22413333333333335,0.5263333333333333,0.08766666666666667,0.008666666666666666,0.013966666666666667,0.020666666666666667,0.0689149560117302,0.05331501432568738,Lung,0.8229855429065687
18,8.000823080088903,8.436609358842352,52.14616394042969,6314.82861328125,0.14500141143798828,0.8524274307208952,0.9978056776668045,0.27423167848699764,0.6643780290791599,0.20831363278171788,0.5452342487883683,0.34239558707643813,0.017366720516962843,0.05571315996847912,0.027867528271405494,0.04536549763761381,0.046652819939287424,Mammary_Gland,0.8229855429065687
19,6.931058207670847,7.144556336239443,36.21537399291992,12586.853515625,0.14508843421936035,0.727218941715249,0.998666664296292,0.2733333333333333,0.8713333333333333,0.12676666666666667,0.4716666666666667,0.207,0.004666666666666667,0.024300000000000002,0.013333333333333334,0.19317476732161323,0.1964376590330789,Marrow,0.8229855429065687
20,6.855402608821078,7.01641298053175,225.74380493164062,168669.09375,0.22715306282043457,0.6091246067939312,0.9939070294863146,0.1529126213592233,0.8833605220228385,0.07346278317152104,0.26835236541598695,0.5396440129449838,0.053833605220228384,0.12467637540453075,0.03507340946166395,0.24898456539398864,0.19943204868154157,Pancreas,0.8229855429065687
21,6.47048854369459,6.539654307064429,32.85820770263672,15825.86328125,0.2563762664794922,0.7173058152833434,1.0,0.1325581395348837,0.7589285714285714,0.06337209302325582,0.16964285714285715,0.0011627906976744186,0.0390625,0.0010465116279069768,0.010044642857142858,0.1660832360949047,0.3323615160349854,Skin,0.8229855429065687
22,6.356515463829049,6.424395782865594,35.39145278930664,3136.195556640625,0.2700228691101074,0.7551260106611657,0.9988333317453681,0.35333333333333333,0.7053333333333334,0.3363666666666667,0.814,0.10466666666666667,0.030666666666666665,0.013566666666666666,0.014333333333333333,0.10528367342961274,0.06028196402527953,Spleen,0.8229855429065687
23,6.687557961787387,6.766413302400265,56.88872528076172,4841.5732421875,0.27878403663635254,0.7751728459530025,0.9992084339586427,0.3157894736842105,0.762962962962963,0.26242105263157894,0.5751322751322752,0.6857894736842105,0.0010582010582010583,0.11710526315789474,0.013756613756613757,0.0975428145941921,0.022778565055371857,Thymus,0.8229855429065687
24,6.844216377258312,6.896491551804135,38.883514404296875,24912.5546875,0.20941853523254395,0.8595700346527657,0.9988333333009259,0.16733333333333333,0.7803333333333333,0.05580000000000001,0.25533333333333336,0.24966666666666668,0.004666666666666667,0.027366666666666668,0.001,0.49983327775925307,0.4999166527754626,Tongue,0.8229855429065687
25,8.03778722156545,8.208722072069046,46.96137619018555,16953.962890625,0.1745922565460205,0.8820258397675714,0.9958199318017169,0.2134107027724049,0.7113534316869788,0.11656995486782723,0.4278383579217447,0.18375241779497098,0.042334830019243104,0.0283043197936815,0.03399615137908916,0.0785593022868746,0.07096137233123535,Trachea,0.8229855429065687
26,7.429819075743337,7.6788073480679255,38.442447662353516,8075.08984375,0.11310482025146484,0.8317599697602329,0.9978333284583223,0.24866666666666667,0.745,0.15903333333333336,0.44333333333333336,0.139,0.037,0.02176666666666667,0.030333333333333334,0.0690510647095307,0.06470908102229474,Kidney,0.8229855429065687
27,6.929519451633274,6.983761736506498,37.641441345214844,25748.109375,0.29695820808410645,0.8153416806996578,1.0,0.08396946564885496,0.8177083333333334,0.017557251908396947,0.08333333333333333,0.002544529262086514,0.0,0.00025445292620865145,0.0026041666666666665,0.4987244897959183,0.4987244897959183,Large_Intestine,0.8229855429065687
28,8.269074215173706,8.590184613102887,41.824275970458984,13631.1171875,0.14415550231933594,0.8408305699751732,0.9928330305288731,0.30533333333333335,0.729,0.17713333333333336,0.521,0.33266666666666667,0.042,0.061233333333333334,0.041666666666666664,0.0897666727907404,0.11522911051212938,Limb_Muscle,0.8229855429065687
29,7.4290394996928475,7.743633870723467,245.27911376953125,228905.078125,0.11647319793701172,0.7771981048232681,0.9967770674235803,0.18488628026412326,0.8029350104821803,0.09156272927366105,0.1795946890286513,0.10051357300073367,0.039832285115303984,0.020983125458547323,0.027253668763102725,0.1043207473725185,0.09208234362628662,Liver,0.8229855429065687
30,7.171744515895838,7.291559983423095,38.162376403808594,3269.122314453125,0.15555429458618164,0.7942964521697554,0.997999991999968,0.262,0.7583333333333333,0.20379999999999998,0.5073333333333333,0.096,0.013333333333333334,0.016033333333333333,0.022,0.06902948642843194,0.06295687315517344,Lung,0.8229855429065687
31,7.9236010842137885,8.323683162767308,50.89912414550781,5987.55078125,0.14261460304260254,0.8533516705768142,0.9971885550479471,0.2511980830670926,0.6716478190630049,0.23338658146964858,0.5977382875605816,0.3610223642172524,0.020193861066235864,0.05966453674121406,0.025848142164781908,0.04612531870509156,0.047281323877068564,Mammary_Gland,0.8229855429065687
32,7.096329409917186,7.381644027705678,34.06609344482422,11925.564453125,0.14640140533447266,0.7440964138281845,0.9988333325231475,0.2926666666666667,0.8626666666666667,0.15503333333333336,0.539,0.20166666666666666,0.014,0.02366666666666667,0.013333333333333334,0.19306777030522504,0.163640477402568,Marrow,0.8229855429065687
33,6.989005005729526,7.155640328449448,224.33346557617188,170197.6875,0.22902965545654297,0.5823166636136045,0.9918133319035427,0.1437962202136401,0.8907014681892332,0.05645028759244043,0.17944535073409462,0.504519309778143,0.05464926590538336,0.1217748562037798,0.04567699836867863,0.19892606361007847,0.19917491749174918,Pancreas,0.8229855429065687
34,6.447518340057522,6.512995103955108,33.435096740722656,16174.3515625,0.25760817527770996,0.7399743827586507,1.0,0.14364035087719298,0.7533482142857143,0.05230263157894737,0.13950892857142858,0.0010964912280701754,0.04017857142857143,0.0007675438596491228,0.0078125,0.33204916529077233,0.3326007326007326,Skin,0.8229855429065687
35,6.351403384844456,6.4178117359881215,34.61568832397461,3026.941162109375,0.26804375648498535,0.7574700494062019,0.9984999979583306,0.355,0.7156666666666667,0.2715666666666667,0.7556666666666667,0.11266666666666666,0.027666666666666666,0.014166666666666668,0.015,0.08592251630226315,0.05913384860753282,Spleen,0.8229855429065687
36,6.695457748916576,6.766431347722484,60.14654541015625,4971.837890625,0.27335190773010254,0.7678425393305148,0.9989250827126037,0.3002183406113537,0.7576719576719577,0.21419213973799126,0.5576719576719577,0.6741266375545851,0.004761904761904762,0.1159934497816594,0.01164021164021164,0.0882685778951339,0.030546238620028747,Thymus,0.8229855429065687
37,6.7086334597269826,6.75408028924091,37.733821868896484,23812.421875,0.2041492462158203,0.8384414900056256,0.9993333332592593,0.16866666666666666,0.773,0.0593,0.26166666666666666,0.24866666666666667,0.007333333333333333,0.027366666666666668,0.0013333333333333333,0.2496244366549825,1.0,Tongue,0.8229855429065687
38,8.0758785944407,8.248421794342109,48.23031234741211,17193.123046875,0.1746361255645752,0.8566496324543078,0.9971181130699985,0.20588235294117646,0.7062219371391918,0.1039002557544757,0.40346375881975627,0.17327365728900257,0.04105195638229634,0.02615089514066496,0.030147530468248876,0.07878787878787878,0.08625454545454546,Trachea,0.8229855429065687
