,1-Wasserstein_PCA,2-Wasserstein_PCA,Linear_MMD_PCA,Poly_MMD_PCA,KNN identity,KNN identity PCA,precision,recall,density,coverage,precision_PCA,recall_PCA,density_PCA,coverage_PCA,KNN category,KNN category PCA,ct,global_f1
0,8.387130338191978,9.583137540912496,34.34324264526367,8235.5390625,0.7488240727385245,0.9979999991111108,0.977,0.06133333333333333,3.8226666666666667,0.8606666666666667,0.17733333333333334,0.071,0.027833333333333335,0.037333333333333336,0.07973048848961257,0.07353945489538709,Kidney,0.7209026712827121
1,10.765570291628444,10.937847763618208,106.2143783569336,79999.515625,0.9752452656061533,1.0,0.34375,0.0,0.39921875,0.24479166666666666,0.018229166666666668,0.0,0.00625,0.020833333333333332,0.100664767331434,0.08981348637015782,Large_Intestine,0.7209026712827121
2,7.6923885873158655,8.123231826098957,35.64859390258789,9800.078125,0.46235230836757657,0.9958333137730564,0.9976666666666667,0.012333333333333333,7.026566666666667,0.9903333333333333,0.452,0.029,0.08686666666666668,0.05366666666666667,0.09287627209426888,0.10414452709883103,Limb_Muscle,0.7209026712827121
3,9.579942832248854,10.643781135323614,282.8186340332031,266617.09375,0.8948502128870549,0.9966996232125946,0.529,0.013277428371767994,0.84445,0.42627533193570927,0.3375,0.04122990915443746,0.0595,0.047519217330538085,0.08551617873651772,0.0851063829787234,Liver,0.7209026712827121
4,7.047074818770088,7.387770162462989,33.4513053894043,2473.38525390625,0.45802543073367025,0.9976666601851673,0.981,0.011,5.554166666666667,0.9646666666666667,0.113,0.02,0.0158,0.023,0.07677094570298452,0.07582235098752782,Lung,0.7209026712827121
5,6.299217002043891,6.4049033935799775,32.88318634033203,2356.92626953125,0.547722491121287,0.9964958589306712,0.9906666666666667,0.009289176090468497,9.1002,0.9919224555735057,0.499,0.010904684975767368,0.1013,0.033521809369951534,0.06456333809815533,0.050818659252394184,Mammary_Gland,0.7209026712827121
6,6.885743320624025,7.239893036231344,38.48371505737305,14423.65625,0.5636327121157445,0.9981666662083333,0.9686666666666667,0.02033333333333333,3.7212333333333336,0.993,0.22466666666666665,0.03266666666666666,0.026600000000000002,0.010333333333333333,0.19780960404380793,0.1980477953550993,Marrow,0.7209026712827121
7,8.322228858253501,8.48013815660333,231.19168090820312,187681.6875,0.9877569336638167,0.9917494036604004,0.895,0.010603588907014683,0.6686000000000001,0.1761827079934747,0.922,0.024469820554649267,0.6193,0.044861337683523655,0.08867362146050671,0.08884033379047442,Pancreas,0.7209026712827121
8,6.2493025298629625,6.33108689374851,31.048715591430664,13083.4140625,0.9748725476662847,0.9988839285714286,0.8370535714285714,0.0078125,1.68984375,0.5401785714285714,0.010044642857142858,0.011160714285714286,0.0032366071428571435,0.013392857142857142,0.1385032448862236,0.13942857142857143,Skin,0.7209026712827121
9,6.529892217318226,6.883168037483446,31.926305770874023,3309.81982421875,0.43533642939119765,0.9983333333333333,0.965,0.088,4.3323,0.9983333333333333,0.092,0.058333333333333334,0.011200000000000002,0.014333333333333333,0.19612640163098877,0.07903780068728522,Spleen,0.7209026712827121
10,6.326434695388915,6.386351119504805,49.521324157714844,4684.40966796875,0.6570492111345385,0.9989708692503934,0.946,0.009523809523809525,2.797,0.8608465608465609,0.8375,0.004761904761904762,0.1597,0.011111111111111112,0.13550939663699307,0.03260869565217391,Thymus,0.7209026712827121
11,6.14591597096125,6.187877439912662,28.272192001342773,13093.8671875,0.9667975401593345,0.9988333330416665,0.855,0.004,5.311533333333333,0.7553333333333333,0.30033333333333334,0.004666666666666667,0.03266666666666667,0.003,0.14230741652525156,0.14235538671063006,Tongue,0.7209026712827121
12,8.126669825018338,8.385410098416065,41.080474853515625,14810.421875,0.7549470923829052,0.9968590292299067,0.9255,0.001924310455420141,4.7913,0.708146247594612,0.3805,0.01860166773572803,0.054700000000000006,0.045542014111610005,0.07765422775448556,0.08035714285714285,Trachea,0.7209026712827121
13,8.567239371935521,9.804846503609083,37.19529342651367,9880.51171875,0.7492392518636197,0.9963333329259259,0.9733333333333334,0.06066666666666667,3.8039000000000005,0.8553333333333333,0.18,0.06066666666666667,0.027866666666666668,0.034333333333333334,0.07355679702048418,0.08078937176918286,Kidney,0.7209026712827121
14,10.61262822027007,10.804125711689768,102.523193359375,78994.734375,0.9752452656061533,1.0,0.3619791666666667,0.0,0.5138020833333333,0.2604166666666667,0.0234375,0.0,0.009895833333333333,0.0234375,0.11592178770949721,0.10186491145588467,Large_Intestine,0.7209026712827121
15,7.755397570451105,8.249451286640834,31.14274024963379,8643.763671875,0.4485159826223469,0.9954999548745473,0.9973333333333333,0.016,7.123333333333334,0.989,0.4533333333333333,0.018666666666666668,0.08660000000000001,0.051666666666666666,0.1032595764929812,0.10454055114249289,Limb_Muscle,0.7209026712827121
16,9.341688181398613,10.248604029816804,266.6388854980469,258390.546875,0.9004132278403556,0.9955013052901731,0.546,0.013277428371767994,0.8266500000000001,0.43186582809224316,0.3125,0.041928721174004195,0.05475,0.039832285115303984,0.08647566382228154,0.07836644591611479,Liver,0.7209026712827121
17,6.9726398793061515,7.268633774943127,33.619544982910156,2611.849365234375,0.4585249597423511,0.9976666573332961,0.9776666666666667,0.011666666666666667,5.630700000000001,0.9706666666666667,0.10033333333333333,0.017,0.013900000000000003,0.020666666666666667,0.07699665231946437,0.07590467784642542,Lung,0.7209026712827121
18,6.345181129604509,6.468865357911005,35.005069732666016,3228.9892578125,0.5425033141020593,0.9963112954116179,0.992,0.006865912762520194,9.043133333333333,0.9935379644588045,0.49666666666666665,0.008885298869143781,0.09806666666666668,0.03796445880452343,0.05928797692780484,0.046211251435132036,Mammary_Gland,0.7209026712827121
19,6.762308874925007,7.078884214978724,33.04225540161133,12321.74609375,0.5584677229244653,0.9986666660740738,0.9726666666666667,0.025333333333333333,4.044533333333333,0.9973333333333333,0.21733333333333332,0.015,0.024533333333333334,0.012333333333333333,0.16503982946258275,0.19821758870018497,Marrow,0.7209026712827121
20,8.245778940520122,8.388069312502934,241.21116638183594,190786.21875,0.9887552167207356,0.9924069781138036,0.899,0.0008156606851549756,0.69915,0.1737357259380098,0.93,0.017128874388254486,0.62825,0.03833605220228385,0.10878566161873972,0.081719334012912,Pancreas,0.7209026712827121
21,6.218858423509764,6.270860008641815,30.641326904296875,13076.47265625,0.9726357903095271,0.9994419641119399,0.8102678571428571,0.005580357142857143,1.6106026785714285,0.5424107142857143,0.014508928571428572,0.011160714285714286,0.005691964285714286,0.013392857142857142,0.1618828932261768,0.10844444444444444,Skin,0.7209026712827121
22,6.491133500576016,6.801542730731371,32.83824157714844,3418.127685546875,0.4299634291080603,0.9988333330416665,0.9566666666666667,0.08233333333333333,4.0098,0.9963333333333333,0.092,0.04533333333333334,0.011233333333333333,0.012333333333333333,0.16314953483095077,0.07869872024877407,Spleen,0.7209026712827121
23,6.251592691880683,6.30319485050455,46.11452102661133,4480.00634765625,0.6552706317400672,0.9994854346251967,0.945,0.01216931216931217,2.9034,0.8571428571428571,0.8265,0.0026455026455026454,0.1587,0.01164021164021164,0.13480246178280722,0.03204010462074978,Thymus,0.7209026712827121
24,6.124635877609247,6.1584216505470515,27.737751007080078,13158.28125,0.9666317820485884,0.9991666666435184,0.8746666666666667,0.004,5.271966666666668,0.757,0.29433333333333334,0.005666666666666667,0.0318,0.0033333333333333335,0.19936465474001003,0.14245123086841288,Tongue,0.7209026712827121
25,8.183255889595113,8.430601372507683,40.83755111694336,14937.890625,0.7516008031754781,0.9971443655982309,0.9315,0.003848620910840282,4.6268,0.6946760744066709,0.3755,0.023091725465041693,0.05305,0.04169339320076972,0.0652761170895886,0.0727434958204189,Trachea,0.7209026712827121
26,8.291480425914102,9.438440130400732,30.413799285888672,6340.7578125,0.7537135308378806,0.9964999999027778,0.9743333333333334,0.059666666666666666,3.926833333333333,0.8566666666666667,0.16866666666666666,0.06366666666666666,0.025800000000000003,0.03266666666666666,0.08033826638477802,0.09860518779487812,Kidney,0.7209026712827121
27,10.862497840076694,11.05279354006147,105.57090759277344,80935.25,0.9700251996029153,1.0,0.3828125,0.0078125,0.5473958333333333,0.2526041666666667,0.026041666666666668,0.013020833333333334,0.013281250000000001,0.0234375,0.13075060532687652,0.08136036625245258,Large_Intestine,0.7209026712827121
28,7.60651199769976,8.03337757235596,36.685970306396484,10408.74609375,0.47011495737724834,0.9954999548745473,0.9956666666666667,0.012666666666666666,7.136933333333333,0.99,0.4633333333333333,0.03933333333333333,0.09106666666666667,0.05566666666666667,0.09270386266094421,0.09462592202318229,Limb_Muscle,0.7209026712827121
29,9.599043122020985,10.66253330347443,272.66583251953125,259766.21875,0.8980796244903553,0.9963999538321098,0.5225,0.013277428371767994,0.8157000000000001,0.4227812718378756,0.3195,0.03214535290006988,0.0566,0.0440251572327044,0.08579590464987877,0.07791977280795172,Liver,0.7209026712827121
30,6.992185393651322,7.299217452101849,35.15408706665039,2821.40478515625,0.45791711300414367,0.9978333231619894,0.9813333333333333,0.013,5.543933333333333,0.969,0.116,0.013333333333333334,0.016133333333333333,0.020666666666666667,0.09228007181328546,0.06948493683187561,Lung,0.7209026712827121
31,6.349465166696874,6.478857151958463,30.398099899291992,1995.58740234375,0.5408630646449898,0.9968649447975754,0.988,0.0032310177705977385,9.473266666666666,0.9919224555735057,0.49733333333333335,0.008885298869143781,0.10083333333333333,0.03796445880452343,0.076365134968061,0.05470223088493887,Mammary_Gland,0.7209026712827121
32,6.629078821500144,6.882966600844263,35.9131965637207,12881.83203125,0.5553459228156904,0.9989999989999989,0.9693333333333334,0.017666666666666667,4.041666666666667,0.9976666666666667,0.22633333333333333,0.008,0.02553333333333334,0.012333333333333333,0.14073071718538566,0.1411951730616374,Marrow,0.7209026712827121
33,8.512812133864145,8.778883279969216,229.4895477294922,182436.71875,0.9877569336638167,0.9917467153410908,0.895,0.00897226753670473,0.6777500000000001,0.18107667210440456,0.9315,0.02202283849918434,0.6523,0.0432300163132137,0.0811965811965812,0.08864975659748911,Pancreas,0.7209026712827121
34,6.258736288441082,6.308692140752561,29.96370506286621,12907.1015625,0.9726357903095271,0.9994419641119399,0.8459821428571429,0.0078125,1.6823660714285715,0.5747767857142857,0.017857142857142856,0.015625,0.005357142857142857,0.013392857142857142,0.12207310108509423,0.12272727272727273,Skin,0.7209026712827121
35,6.529871729532861,6.84381772197968,31.34864044189453,3224.087646484375,0.4314449422176387,0.9979999991111108,0.9623333333333334,0.06533333333333333,4.210733333333334,0.9983333333333333,0.09633333333333334,0.05366666666666667,0.0121,0.015333333333333332,0.16280127330604818,0.08058919339990085,Spleen,0.7209026712827121
36,6.26205746763724,6.315614784433619,46.966033935546875,4565.42529296875,0.6595313386306557,0.9994854346251967,0.9515,0.008465608465608466,2.9975500000000004,0.8492063492063492,0.8205,0.0,0.15600000000000003,0.008465608465608466,0.16076555023923444,0.03194505015263846,Thymus,0.7209026712827121
37,6.0979566052754794,6.131326404734488,27.743709564208984,12664.6875,0.9693044658888091,0.9996666666296297,0.871,0.0036666666666666666,5.200800000000001,0.7603333333333333,0.289,0.006666666666666667,0.030566666666666666,0.0033333333333333335,0.19933110367892976,0.12462387161484453,Tongue,0.7209026712827121
38,8.128839336493279,8.371824661998483,42.1940803527832,15148.03515625,0.7463619900664702,0.9971443655982309,0.925,0.005772931366260423,4.6024,0.7055805003207184,0.3805,0.026298909557408594,0.05430000000000001,0.04361770365618987,0.07708420611646417,0.07941424950718107,Trachea,0.7209026712827121
