,1-Wasserstein_PCA,2-Wasserstein_PCA,Linear_MMD_PCA,Poly_MMD_PCA,KNN identity,KNN identity PCA,precision,recall,density,coverage,precision_PCA,recall_PCA,density_PCA,coverage_PCA,KNN category,KNN category PCA,ct,global_f1
0,9.301083331425964,10.194637894263735,52.753379821777344,16583.9609375,0.8836672767895207,0.9958332609941145,0.28,0.808,0.22216666666666668,0.3466666666666667,0.38166666666666665,0.013666666666666667,0.06936666666666667,0.038,0.0484552122693932,0.06664073641903281,Kidney,0.6610920998505114
1,5.422636243825157,5.523422991631501,27.868844985961914,2904.4453125,0.7848712966176494,1.0,0.16666666666666666,0.8984375,0.07473958333333335,0.203125,0.0,0.0,0.0,0.0,0.19410187667560322,0.005089058524173028,Large_Intestine,0.6610920998505114
2,6.492781637350706,6.978584510444016,19.749950408935547,4088.84375,0.8580841539718711,0.9926662722750867,0.24266666666666667,0.771,0.22663333333333335,0.43533333333333335,0.544,0.016666666666666666,0.11553333333333334,0.04466666666666667,0.0739355581127733,0.09504430030946627,Limb_Muscle,0.6610920998505114
3,9.119319222674857,9.988072039738277,245.70362854003906,260138.78125,0.866031726425748,0.9933609932163165,0.20405310971348709,0.8881900768693222,0.15269042627533194,0.1684136967155835,0.4996505939902166,0.031446540880503145,0.12480782669461915,0.0496156533892383,0.07231404958677685,0.09097996056312192,Liver,0.6610920998505114
4,6.390245021899544,6.659129661362086,25.43780517578125,1338.6719970703125,0.8534870746766658,0.9973333188147357,0.216,0.8186666666666667,0.23886666666666667,0.30866666666666664,0.26366666666666666,0.03333333333333333,0.03956666666666667,0.024333333333333332,0.047760602457392,0.041504773952591785,Lung,0.6610920998505114
5,7.135252108096303,7.616896525813064,43.50463104248047,2220.197265625,0.8577239360286628,0.9953553284267187,0.1381260096930533,0.8372374798061389,0.07378836833602585,0.2911954765751212,0.42932148626817446,0.023021001615508886,0.07560581583198708,0.024232633279483037,0.0452807881773399,0.03253297260737233,Mammary_Gland,0.6610920998505114
6,7.185054131746276,7.532554641400535,29.873905181884766,9229.845703125,0.8369859307359307,0.9988333317453681,0.18733333333333332,0.93,0.13560000000000003,0.17133333333333334,0.27166666666666667,0.0023333333333333335,0.04223333333333334,0.01633333333333333,0.126984126984127,0.10537986887774778,Marrow,0.6610920998505114
7,7.387127083044062,7.884766335713423,99.77238464355469,86338.8203125,0.8616435006677075,0.992250758199138,0.33931484502446985,0.9135399673735726,0.2106851549755302,0.1468189233278956,0.9877650897226754,0.02202283849918434,0.5086460032626428,0.053833605220228384,0.10692622372690083,0.1063869992441421,Pancreas,0.6610920998505114
8,5.063444294301537,5.178254834857042,22.791093826293945,6416.580078125,0.7200571141437108,0.9988839271812311,0.13727678571428573,0.8482142857142857,0.06607142857142857,0.13058035714285715,0.014508928571428572,0.0,0.0014508928571428572,0.002232142857142857,0.16449971735443752,0.22447724477244774,Skin,0.6610920998505114
9,9.516732444047955,10.264328198481381,72.92621612548828,4783.40234375,0.8332392671718578,0.9976666539628938,0.22733333333333333,0.7806666666666666,0.17023333333333335,0.5363333333333333,0.4533333333333333,0.0026666666666666666,0.08176666666666667,0.019666666666666666,0.061647539506098664,0.013758599124452783,Spleen,0.6610920998505114
10,6.529311938008305,6.812750142074513,47.849037170410156,2175.310791015625,0.8705750217511667,0.99735447883933,0.29417989417989415,0.765079365079365,0.19555555555555557,0.4687830687830688,0.8365079365079365,0.0021164021164021165,0.20867724867724868,0.010052910052910053,0.05238801276003055,0.0,Thymus,0.6610920998505114
11,5.329853818496073,5.37706128385512,25.940183639526367,15359.703125,0.7499650009284516,0.999499999875,0.17633333333333334,0.837,0.08036666666666667,0.36833333333333335,0.253,0.0,0.028733333333333333,0.001,0.24958263772954928,0.28145865434001033,Tongue,0.6610920998505114
12,6.36684060066154,6.722278088048652,27.486801147460938,3165.23974609375,0.9128529560067173,0.9955098517465208,0.2655548428479795,0.7126363053239256,0.24644002565747278,0.32456703014753047,0.4150096215522771,0.005131494547787043,0.0716484926234766,0.03848620910840282,0.047766475011057054,0.00014245014245014244,Trachea,0.6610920998505114
13,9.309298978884986,10.270671169623157,53.34055709838867,15899.7470703125,0.8807962974983513,0.9958332609941145,0.2733333333333333,0.823,0.19340000000000002,0.321,0.37,0.024333333333333332,0.0679,0.03666666666666667,0.04717129328336438,0.07476635514018691,Kidney,0.6610920998505114
14,5.503855333973961,5.68483589468122,28.82917594909668,2895.904296875,0.8026759418668672,1.0,0.16145833333333334,0.8880208333333334,0.06901041666666667,0.25,0.0,0.0,0.0,0.0,0.1946524064171123,0.004475703324808184,Large_Intestine,0.6610920998505114
15,6.524312368710838,7.027646336587403,22.95101547241211,4947.125,0.8617746369655104,0.9921661859751338,0.24566666666666667,0.769,0.229,0.42966666666666664,0.5393333333333333,0.014666666666666666,0.11753333333333334,0.04066666666666666,0.07327001356852103,0.09499575911789654,Limb_Muscle,0.6610920998505114
16,9.727420350707211,10.729046832156136,252.81410217285156,275988.46875,0.88471595510818,0.9947588017153235,0.21104122990915444,0.8763102725366876,0.180083857442348,0.1607267645003494,0.5185185185185185,0.023060796645702306,0.13333333333333333,0.053109713487071976,0.07883149872988993,0.08933463342155361,Liver,0.6610920998505114
17,6.327620132605243,6.581109059808992,25.22305679321289,1589.0201416015625,0.8544968048103199,0.9971666489582227,0.22233333333333333,0.8326666666666667,0.21930000000000002,0.3413333333333333,0.25666666666666665,0.022,0.03826666666666667,0.025333333333333333,0.05011655011655012,0.04373047746541722,Lung,0.6610920998505114
18,7.143931372581644,7.639623309528275,45.37870788574219,2373.250244140625,0.843594754020967,0.9959611619065143,0.14337641357027464,0.872778675282714,0.07164781906300485,0.3509693053311793,0.4277059773828756,0.009289176090468497,0.07495961227786753,0.025040387722132473,0.053109521188772706,0.03608479927830401,Mammary_Gland,0.6610920998505114
19,7.105543367544801,7.463378155837649,29.155601501464844,8602.466796875,0.8311463737157969,0.9983333287036908,0.18333333333333332,0.9356666666666666,0.10830000000000001,0.18566666666666667,0.267,0.004,0.0416,0.016666666666666666,0.11180210060807075,0.12078396877319332,Marrow,0.6610920998505114
20,7.573864879849304,8.082883794458228,100.5315933227539,85809.3359375,0.8829820243229001,0.9918428504513712,0.3425774877650897,0.8792822185970636,0.23923327895595434,0.15742251223491027,0.9885807504078303,0.01468189233278956,0.49951060358890703,0.0464926590538336,0.10584270729507808,0.11873661670235547,Pancreas,0.6610920998505114
21,5.105420690295948,5.2039377753131015,23.630558013916016,7206.302734375,0.7111575714528399,0.9988839271812311,0.14732142857142858,0.8694196428571429,0.08883928571428572,0.1796875,0.012276785714285714,0.05133928571428571,0.0012276785714285714,0.002232142857142857,0.19751412429378531,0.2243076923076923,Skin,0.6610920998505114
22,9.48536945430438,10.21413857029285,75.21834564208984,5016.04833984375,0.8351246010594079,0.9974999843749024,0.224,0.7933333333333333,0.15436666666666668,0.481,0.467,0.0036666666666666666,0.08523333333333334,0.017666666666666667,0.062410444196783946,0.012182314639781559,Spleen,0.6610920998505114
23,6.6392975197898005,6.984786655161937,49.91879653930664,2178.65869140625,0.871813236650343,0.9976190341215087,0.2878306878306878,0.7761904761904762,0.22910052910052914,0.5169312169312169,0.8301587301587302,0.0,0.20867724867724868,0.009523809523809525,0.05183682668469687,0.00010576414595452142,Thymus,0.6610920998505114
24,5.30745366183917,5.352624248028842,26.32100486755371,15806.7890625,0.7416895192367504,0.999499999875,0.16466666666666666,0.851,0.0719,0.352,0.24533333333333332,0.002,0.027733333333333332,0.001,0.3329439902108015,0.2825683374943986,Tongue,0.6610920998505114
25,6.305440832820746,6.649103084844091,27.875349044799805,3231.6630859375,0.9066226826063448,0.9942268762343647,0.2738935214881334,0.7280307889672867,0.31507376523412445,0.3027581783194355,0.4028223220012829,0.012828736369467608,0.0689544579858884,0.0359204618345093,0.05205116894574327,0.0001282051282051282,Trachea,0.6610920998505114
26,9.252927938540783,10.149834211934172,52.355682373046875,15367.5498046875,0.8751527458673254,0.9949998749968749,0.274,0.837,0.19593333333333335,0.30933333333333335,0.37766666666666665,0.012666666666666666,0.0707,0.03766666666666667,0.04920098136728334,0.07586487114000465,Kidney,0.6610920998505114
27,5.431089690575992,5.593785741361523,28.413602828979492,2871.6142578125,0.7882309549945115,1.0,0.14322916666666666,0.8619791666666666,0.07447916666666667,0.2552083333333333,0.0,0.0,0.0,0.0,0.16334661354581673,0.002856326763781777,Large_Intestine,0.6610920998505114
28,6.51236559991044,6.974534813466624,22.75739860534668,4889.0859375,0.8600201253239483,0.9923328826772151,0.26066666666666666,0.7366666666666667,0.3341333333333334,0.432,0.5336666666666666,0.015,0.11206666666666668,0.04466666666666667,0.07318353823034165,0.10640436530729465,Limb_Muscle,0.6610920998505114
29,9.531451757765568,10.560243009489435,264.60833740234375,286618.9375,0.875128441446388,0.9937104430379746,0.22711390635918938,0.8756114605171209,0.19308176100628932,0.16981132075471697,0.5338923829489868,0.020964360587002098,0.12851153039832286,0.050314465408805034,0.07748287671232877,0.09032674316788793,Liver,0.6610920998505114
30,6.404268781423568,6.680961394314044,24.292118072509766,1474.8594970703125,0.8579729293944083,0.9974999843749024,0.21366666666666667,0.8253333333333334,0.22733333333333336,0.3283333333333333,0.25833333333333336,0.010666666666666666,0.038566666666666666,0.024333333333333332,0.04795821462488129,0.041944594675800737,Lung,0.6610920998505114
31,7.148191267916378,7.6375066620772225,41.663787841796875,1677.099853515625,0.8490778215029646,0.9949514060599196,0.12762520193861066,0.8477382875605816,0.06833602584814218,0.30936995153473346,0.4244749596122779,0.012924071082390954,0.07548465266558967,0.025040387722132473,0.044384346166083354,0.03167912984364378,Mammary_Gland,0.6610920998505114
32,7.182096734046916,7.54603934544112,32.101295471191406,9951.08203125,0.8326626099958233,0.9984999966249923,0.19533333333333333,0.9323333333333333,0.13033333333333333,0.20866666666666667,0.2796666666666667,0.003,0.043866666666666665,0.014333333333333333,0.11072423398328692,0.10557481224725593,Marrow,0.6610920998505114
33,7.340798170492663,7.82767938857356,104.71520233154297,90301.171875,0.8614107615787094,0.991434934561882,0.3425774877650897,0.8988580750407831,0.23523654159869498,0.3075040783034258,0.9902120717781403,0.02202283849918434,0.5109298531810768,0.0464926590538336,0.0953478446436193,0.10618966496308915,Pancreas,0.6610920998505114
34,5.051693670185558,5.136252213820182,23.092947006225586,6779.75390625,0.7016280958998837,0.9988839271812311,0.15625,0.8883928571428571,0.09486607142857144,0.17410714285714285,0.014508928571428572,0.0,0.0014508928571428572,0.002232142857142857,0.19751412429378531,0.22549019607843138,Skin,0.6610920998505114
35,9.625756942192721,10.395858713189112,75.16281127929688,4978.044921875,0.8235203796591011,0.9974999843749024,0.226,0.7966666666666666,0.15613333333333335,0.5053333333333333,0.4786666666666667,0.002,0.08560000000000001,0.017666666666666667,0.06175334680727593,0.012907727193441479,Spleen,0.6610920998505114
36,6.575009106075952,6.894431832375205,48.36838912963867,2207.291015625,0.8746183722707697,0.9970899224462233,0.2957671957671958,0.765079365079365,0.19275132275132278,0.5111111111111111,0.837037037037037,0.0010582010582010583,0.19851851851851854,0.010052910052910053,0.0446927374301676,0.0,Thymus,0.6610920998505114
37,5.344032839457195,5.397223655896604,25.217723846435547,14595.671875,0.7479801457529459,0.999499999875,0.16566666666666666,0.854,0.061,0.29933333333333334,0.25,0.02033333333333333,0.028100000000000003,0.0023333333333333335,0.33288829550511795,0.21109399075500773,Tongue,0.6610920998505114
38,6.395479220775081,6.760867365585267,27.481969833374023,3206.09521484375,0.9105929348527926,0.994547624962262,0.2649134060295061,0.7389352148813342,0.2601026298909558,0.28223220012828737,0.40987812700449006,0.009621552277100705,0.07427838357921744,0.03720333547145606,0.04762553655379165,0.00034920265394017,Trachea,0.6610920998505114
