,1-Wasserstein_PCA,2-Wasserstein_PCA,Linear_MMD_PCA,Poly_MMD_PCA,RBF_MMD_PCA,KNN identity,KNN identity PCA,precision,recall,density,coverage,precision_PCA,recall_PCA,density_PCA,coverage_PCA
0,8.25982882404328,8.890449263459947,14.49560832977295,-210.080322265625,0.1724233627319336,0.3562511856584074,0.9539299274196051,0.975,0.008,22.150100000000002,1.0,0.956,0.133,0.49420000000000003,0.435
1,8.057015124797815,8.509217139386312,16.309328079223633,912.932373046875,0.17255663871765137,0.36898657089879605,0.9478944863348281,0.995,0.016,20.994300000000003,1.0,0.979,0.115,0.5655,0.449
2,8.429050006866456,9.096463467388045,17.09415626525879,1779.5343017578125,0.17874860763549805,0.36265074407086695,0.9629688568085759,0.983,0.008,22.413,1.0,0.952,0.119,0.4758,0.461
3,8.265195443630217,8.780168941106364,15.389161109924316,827.3814697265625,0.16925954818725586,0.35945900537634407,0.9599589980139662,0.977,0.009,23.200000000000003,1.0,0.953,0.12,0.5791000000000001,0.465
4,8.108384877681733,8.588630939513948,15.249218940734863,-298.0777587890625,0.1728379726409912,0.3399655507170737,0.9639696985164523,0.986,0.009,20.0513,1.0,0.994,0.128,0.5955,0.439
5,8.196282276153566,8.695798948652875,18.67504119873047,2020.9884033203125,0.168715238571167,0.3465297289288908,0.9509049519870469,0.993,0.009,23.129400000000004,1.0,0.985,0.098,0.6844000000000001,0.486
6,8.465064790248876,9.076889505745777,18.99620819091797,2748.048828125,0.17896556854248047,0.34978670033253295,0.9584446378688006,0.97,0.005,20.740700000000004,1.0,0.972,0.107,0.6135,0.472
7,8.224889196872713,8.8242210398853,12.348825454711914,641.76123046875,0.1725330352783203,0.36582655029256966,0.9624578683427476,0.98,0.012,21.381700000000002,1.0,0.982,0.159,0.6377,0.464
8,9.594924536705012,44.01387329258068,19.828113555908203,-7013.4130859375,0.17408275604248047,0.35707810056309847,0.9549509415753756,0.977,0.044,19.367,1.0,0.988,0.156,0.6990000000000001,0.443
9,8.454178463935845,9.066850478597411,19.045482635498047,1781.8935546875,0.17474079132080078,0.3783733627146007,0.9544252460097676,0.984,0.005,23.331400000000002,0.996,0.982,0.133,0.6678000000000001,0.482
10,8.039716403961183,8.478554800115738,13.354351997375488,399.9429931640625,0.16341495513916016,0.35194881780103643,0.9524140478739724,0.968,0.012,18.000700000000002,1.0,0.987,0.112,0.6159,0.464
11,8.187067881345742,8.74188073955884,15.36798095703125,525.2845458984375,0.16516590118408203,0.35707810056309847,0.9494128763262529,0.981,0.033,19.526600000000002,1.0,0.985,0.133,0.7048000000000001,0.508
12,8.20825469875336,8.825846567370624,13.459965705871582,-449.54052734375,0.16632556915283203,0.34978670033253295,0.9504146015475152,0.984,0.009,21.416700000000002,1.0,0.979,0.131,0.6665000000000001,0.463
13,8.194930145978928,8.715309026768667,18.401945114135742,866.3135986328125,0.16644859313964844,0.36265074407086695,0.9549349260331919,0.98,0.014,21.196,1.0,0.991,0.128,0.6184000000000001,0.468
14,8.23521105957031,9.000870533379409,22.64124870300293,3100.181396484375,0.16980791091918945,0.36582655029256966,0.9519110835935645,0.971,0.005,21.4459,1.0,0.981,0.123,0.5818,0.473
15,8.24402179574965,8.758656060624356,12.365116119384766,1515.9544677734375,0.16997051239013672,0.36265074407086695,0.9529129360186985,0.98,0.008,21.6021,1.0,0.978,0.133,0.6587000000000001,0.499
16,8.102411882877353,8.801149864824476,17.719987869262695,2434.842529296875,0.16361403465270996,0.3549360706137871,0.949404260211385,0.973,0.009,22.3332,1.0,0.959,0.109,0.6058,0.471
17,8.307677801609055,9.131949678595674,20.522232055664062,2806.232177734375,0.16756224632263184,0.37395964672601373,0.9544324575101444,0.983,0.023,19.5133,1.0,0.973,0.148,0.5692,0.497
18,8.28520389461517,8.860094216192394,18.016769409179688,854.786376953125,0.16987299919128418,0.376813910862341,0.954442586269346,0.98,0.023,22.389,1.0,0.969,0.153,0.5136999999999999,0.456
19,8.282130013942721,8.906502053211046,17.075763702392578,921.4129638671875,0.17021441459655762,0.3637111091327095,0.9589407103857971,0.974,0.008,23.515500000000003,1.0,0.939,0.102,0.5468000000000001,0.499
20,8.223212953567506,8.670558799150509,13.89717960357666,-53.7076416015625,0.1682419776916504,0.3487028882979215,0.9569275952876786,0.968,0.017,18.4161,1.0,0.968,0.113,0.5263,0.447
21,8.495907201766956,9.24748743615866,13.204309463500977,1174.1995849609375,0.17503762245178223,0.3708283181967392,0.9494128763262529,0.975,0.034,20.3766,1.0,0.967,0.163,0.5991,0.496
22,8.216428767681125,8.7357234472702,10.67138385772705,-1142.522705078125,0.17136478424072266,0.3562511856584074,0.9559429020009933,0.982,0.005,22.075000000000003,1.0,0.986,0.134,0.6156,0.492
23,8.291879961967469,8.776107074968472,14.494535446166992,1226.193359375,0.17046427726745605,0.36265074407086695,0.9493952354862655,0.984,0.015,19.4268,1.0,0.993,0.15,0.6892,0.451
24,8.30955360031128,8.926774190979696,19.406530380249023,1501.365234375,0.17124176025390625,0.3783733627146007,0.9493809312956403,0.965,0.014,21.0688,1.0,0.98,0.137,0.6335000000000001,0.456
25,8.278539024353023,8.84053724237967,14.565272331237793,335.446044921875,0.17002463340759277,0.3538623503092512,0.9599480927281757,0.978,0.008,21.388,1.0,0.972,0.109,0.6888000000000001,0.473
26,8.463205783843984,9.147166694705287,21.484039306640625,1660.028076171875,0.17339015007019043,0.37733721734664494,0.9599509399013793,0.968,0.008,20.9917,0.999,0.986,0.089,0.5668000000000001,0.446
27,8.15402941274644,8.668536068807562,15.888242721557617,408.77734375,0.1675410270690918,0.35302713464809815,0.952421960120087,0.968,0.009,19.9401,1.0,0.994,0.145,0.7642000000000001,0.468
28,8.24795864534378,8.751634690964831,13.652009010314941,1179.082275390625,0.166978120803833,0.3562511856584074,0.9519268807856749,0.986,0.008,17.835400000000003,1.0,0.997,0.133,0.7344,0.495
29,8.160336510181416,8.623623204347618,19.59520149230957,1347.629638671875,0.16623950004577637,0.3562511856584074,0.9529320338568894,0.977,0.012,20.305600000000002,1.0,0.96,0.133,0.5698000000000001,0.462
