,1-Wasserstein_PCA,2-Wasserstein_PCA,Linear_MMD_PCA,Poly_MMD_PCA,RBF_MMD_PCA,KNN identity,KNN identity PCA,precision,recall,density,coverage,precision_PCA,recall_PCA,density_PCA,coverage_PCA
0,8.783515895843506,9.19657738989893,31.25375747680664,-916.7431640625,0.12808465957641602,0.6061782172387205,0.9709846508803157,0.415,0.389,2.0998,0.998,0.691,0.292,0.2409,0.404
1,8.766593930721289,9.253652124254446,41.73019027709961,2046.431396484375,0.1275768280029297,0.6156078275148993,0.9709818636647904,0.435,0.364,2.6422000000000003,0.997,0.698,0.267,0.2569,0.445
2,8.488952235221848,8.856245249744934,30.046401977539062,2127.97119140625,0.12378907203674316,0.5906796563446283,0.969481681379248,0.454,0.329,2.8487,0.995,0.634,0.297,0.2546,0.46
3,8.469466327667245,8.769207355973164,29.09461784362793,-150.455078125,0.1187598705291748,0.6353425956314043,0.9744902999365508,0.451,0.354,2.9512,0.998,0.706,0.299,0.28530000000000005,0.441
4,8.644938517093664,9.031326057087426,35.51666259765625,763.418212890625,0.13299298286437988,0.6366586492878111,0.9694858948548967,0.434,0.378,2.0199000000000003,0.999,0.789,0.298,0.2888,0.452
5,8.503438648700726,8.835347466557986,31.847213745117188,1300.48876953125,0.12239646911621094,0.6013687059350813,0.9609648683815434,0.472,0.37,2.7318000000000002,0.995,0.758,0.295,0.32120000000000004,0.482
6,8.522607118129738,8.898189536801972,33.266265869140625,1466.332763671875,0.1239614486694336,0.6276490560798387,0.9669854405792955,0.436,0.374,2.6767000000000003,0.994,0.696,0.274,0.2684,0.415
7,8.719012526988992,9.124811902132457,33.66009521484375,351.380615234375,0.12505507469177246,0.6099563008551141,0.9649725384701606,0.446,0.4,2.2259,0.993,0.659,0.257,0.2817,0.43
8,8.543795845985404,8.963853962244437,28.754323959350586,-2282.7421875,0.12595653533935547,0.6154010168539643,0.9664764580926957,0.444,0.332,2.4819,1.0,0.753,0.296,0.3098,0.475
9,8.544090296745308,8.899293931106495,34.88268280029297,1276.15625,0.12180256843566895,0.5891554333112774,0.9609648683815434,0.442,0.36,2.6556,0.994,0.747,0.319,0.3038,0.484
10,8.428172308444983,8.739745610897424,27.981414794921875,-266.667236328125,0.12369847297668457,0.5975775748130907,0.9694845515542243,0.428,0.387,1.9455,0.99,0.712,0.308,0.27130000000000004,0.464
11,8.562395586967462,8.89999527170291,37.28904342651367,2486.733154296875,0.12533855438232422,0.629554079073317,0.9699902768496993,0.42,0.393,2.6568000000000005,0.992,0.717,0.306,0.2848,0.469
12,8.532822932243338,8.869747399557731,38.93269348144531,3099.26220703125,0.12296032905578613,0.5991544664526736,0.9649763239950206,0.427,0.371,2.1596,0.99,0.728,0.282,0.2965,0.447
13,8.624610538959487,8.993750517356712,36.14503860473633,638.323486328125,0.12639546394348145,0.6174822155430075,0.9664782024511438,0.4,0.359,2.1439,0.997,0.737,0.288,0.28690000000000004,0.435
14,8.718565069675442,9.130541585170032,40.84276580810547,3410.298828125,0.13103628158569336,0.556112300250535,0.9644576957723932,0.442,0.308,2.6526,1.0,0.691,0.254,0.2927,0.48
15,8.408416638851152,8.698848948463418,30.83425521850586,206.21337890625,0.12360000610351562,0.617310397612359,0.9684840450478054,0.453,0.389,2.8313,0.996,0.749,0.286,0.284,0.478
16,8.546792564868941,8.914726668279263,34.32958984375,1705.07470703125,0.12208366394042969,0.5918910621208487,0.9664764580926957,0.446,0.307,3.1203000000000003,0.995,0.634,0.288,0.26720000000000005,0.484
17,8.52741033124922,8.813224697643408,34.96004104614258,941.786376953125,0.12588167190551758,0.6014811705173748,0.9704875974128127,0.407,0.373,2.0592,0.985,0.66,0.266,0.2368,0.437
18,8.504042216300965,8.874527526529079,34.971343994140625,1664.768798828125,0.12135910987854004,0.632684784241498,0.9664859157060754,0.461,0.38,2.4032,0.989,0.65,0.27,0.22730000000000003,0.414
19,8.734195247650142,9.166379379197965,39.911521911621094,2021.917236328125,0.1275935173034668,0.5745955020747389,0.9669825337603593,0.444,0.318,3.2579000000000002,1.0,0.663,0.313,0.2705,0.455
20,8.702073729038224,9.03597013987082,39.63137435913086,3247.808837890625,0.13335895538330078,0.5987752085313061,0.9664688076082776,0.402,0.421,1.5324,0.985,0.644,0.276,0.23809999999999998,0.422
21,8.531957182884195,8.836640098099668,33.111690521240234,-279.0029296875,0.12176775932312012,0.603830068658805,0.9664708212321773,0.431,0.368,2.1893000000000002,0.997,0.683,0.31,0.28530000000000005,0.476
22,8.581315877914419,8.939185785577955,34.96118927001953,13.151611328125,0.12962675094604492,0.5722449661809613,0.9699827100409837,0.493,0.318,2.7732,0.997,0.748,0.261,0.272,0.441
23,8.563404977798465,8.903062632842051,34.6353645324707,2888.25537109375,0.12557411193847656,0.6139903329752954,0.9674835385413865,0.404,0.38,1.9039000000000001,0.986,0.739,0.303,0.2872,0.439
24,8.634756639480601,9.123004393386998,36.42525863647461,1824.120849609375,0.12401628494262695,0.6016921658630913,0.9624695158642608,0.454,0.37,2.5882000000000005,0.988,0.725,0.29,0.30210000000000004,0.476
25,8.660217876911153,9.044019561419953,47.12493133544922,4380.41015625,0.12653040885925293,0.6033953644421435,0.9654738896290319,0.434,0.386,2.7368,0.992,0.721,0.297,0.27999999999999997,0.438
26,8.661274191856373,9.038209532219826,36.21192169189453,3723.570556640625,0.1266629695892334,0.6024786184329965,0.9709846508803157,0.422,0.371,2.7109000000000005,0.997,0.787,0.32,0.27690000000000003,0.462
27,8.582252131938935,8.974173248486496,36.17997741699219,934.6748046875,0.12977337837219238,0.6119390372912592,0.9679748923155753,0.433,0.335,2.6019,0.998,0.771,0.278,0.335,0.433
28,8.64478073644639,9.073884885284372,30.350486755371094,-1.73046875,0.12070631980895996,0.6461387719648317,0.9669741077004371,0.419,0.369,2.1985,0.974,0.755,0.31,0.2937,0.453
29,8.939345702648156,9.338608811814536,44.392276763916016,3524.353515625,0.131669282913208,0.6095076400679117,0.9744902999365508,0.426,0.379,2.3938,1.0,0.626,0.305,0.24470000000000003,0.436
