,1-Wasserstein_PCA,2-Wasserstein_PCA,Linear_MMD_PCA,Poly_MMD_PCA,RBF_MMD_PCA,KNN identity,KNN identity PCA,precision,recall,density,coverage,precision_PCA,recall_PCA,density_PCA,coverage_PCA
0,9.963508610725395,11.363264846826635,-0.07428937405347824,2188.260986328125,0.2394850254058838,0.6155585707824514,0.9754852850423467,0.736,0.0,25.8152,0.896,0.997,0.0,1.0327,0.248
1,9.668943153142907,10.826595068095466,3.636430501937866,2757.74853515625,0.2359619140625,0.6076671268487126,0.9689701803433098,0.702,0.0,22.5178,0.912,0.998,0.0,1.1668,0.266
2,10.3238326177597,11.85653169714574,2.981980085372925,4207.1796875,0.25162458419799805,0.6205319825850681,0.9754852850423467,0.741,0.0,25.7397,0.88,0.998,0.0,1.1735,0.238
3,10.324052602291117,11.678515066604959,-0.0038662320002913475,2389.130615234375,0.25093722343444824,0.6400644535745925,0.9734813772972069,0.731,0.0,25.7723,0.873,0.998,0.0,1.2057000000000002,0.255
4,9.825023763418187,11.206044013049786,0.7470127940177917,1993.439453125,0.23719120025634766,0.5923340478938786,0.972980302640625,0.681,0.0,25.1106,0.892,1.0,0.0,1.0375,0.24
5,10.111307851552965,11.453795535579811,3.531404495239258,3684.748291015625,0.2460792064666748,0.6040487156614662,0.9679671984111731,0.756,0.0,27.0722,0.904,0.999,0.0,1.2339000000000002,0.252
6,10.406218897104269,11.849266746706993,1.5776712894439697,3873.4384765625,0.25725674629211426,0.624765583971921,0.9699729756781104,0.705,0.0,24.1402,0.861,0.994,0.0,1.167,0.227
7,10.03372273302079,11.384321286422674,0.45856568217277527,2592.1455078125,0.23981189727783203,0.6076671268487126,0.9674656355775788,0.698,0.0,22.730000000000004,0.883,0.998,0.0,1.2605000000000002,0.236
8,10.003758005142213,11.282215524033267,2.0690629482269287,2546.921875,0.23926234245300293,0.624765583971921,0.9719780307761285,0.684,0.0,20.0885,0.9,1.0,0.001,1.1559,0.238
9,10.329706825733178,11.760017672415193,2.6385369300842285,2983.966552734375,0.2512631416320801,0.6141307361276604,0.9679671984111731,0.746,0.0,26.593900000000005,0.86,1.0,0.0,1.3913000000000002,0.249
10,9.203384681463222,10.39754503536171,7.890703201293945,1677.013671875,0.12529587745666504,0.7407765334546075,0.964981475200381,0.274,0.111,3.7062,0.894,0.869,0.244,0.4747,0.451
11,9.556124272823329,10.927836577591219,9.726664543151855,1651.4168701171875,0.12523102760314941,0.7460959716602479,0.9519377112738109,0.332,0.118,5.2997000000000005,0.874,0.857,0.264,0.5443,0.44
12,9.359406393766415,10.508536741257917,10.632916450500488,1592.5496826171875,0.12709617614746094,0.7564869247286021,0.9574678350502568,0.3,0.109,4.2748,0.898,0.864,0.247,0.49640000000000006,0.446
13,9.297352925300594,10.48109022288274,13.229677200317383,1601.4642333984375,0.1278669834136963,0.6729851708575113,0.9544457790885601,0.31,0.09,4.927300000000001,0.891,0.879,0.226,0.5545,0.419
14,9.062292332649243,10.28869183706158,12.673336029052734,3441.42578125,0.12037444114685059,0.8089380959430856,0.9614641520274235,0.283,0.118,3.2871000000000006,0.903,0.877,0.201,0.5035999999999999,0.464
15,9.539219221115108,10.900193203079999,8.455528259277344,2494.310546875,0.1274113655090332,0.7074146100395042,0.955949077133166,0.314,0.096,4.8535,0.868,0.864,0.259,0.5554,0.433
16,9.582414002180103,10.892188349991782,12.436861038208008,3492.440673828125,0.12876391410827637,0.6728460097665396,0.955452947175454,0.315,0.09,4.849600000000001,0.87,0.829,0.251,0.5115999999999999,0.442
17,9.535193869590751,10.86226401877135,15.982892990112305,3762.412353515625,0.12944412231445312,0.7103639244318681,0.9614617604317885,0.291,0.099,4.1085,0.876,0.829,0.216,0.4808,0.443
18,9.280143753051757,10.573408188066855,8.242657661437988,2068.284912109375,0.13245916366577148,0.795345229830059,0.9619722777905093,0.297,0.089,4.651800000000001,0.91,0.834,0.306,0.4696,0.478
19,9.382999259471886,10.730475975964602,11.25827407836914,1515.4468994140625,0.12715649604797363,0.8128148555751189,0.957462982160225,0.344,0.091,5.223700000000001,0.899,0.795,0.295,0.47720000000000007,0.476
20,9.457677097320564,10.745467161458128,10.101943969726562,2075.017822265625,0.13045310974121094,0.7297621604506922,0.9659804047131146,0.301,0.11,3.7639000000000005,0.867,0.844,0.248,0.43810000000000004,0.428
21,9.499057053565984,10.977285716450682,7.377889156341553,1582.2989501953125,0.13181471824645996,0.7792574219674986,0.9599749843652281,0.285,0.099,4.246300000000001,0.84,0.884,0.257,0.5446,0.471
22,9.404835992097864,10.714371325873804,6.237332820892334,908.980712890625,0.12489056587219238,0.7189736051362978,0.9609694000096075,0.315,0.078,4.997800000000001,0.894,0.865,0.272,0.45480000000000004,0.428
23,9.54642588949204,10.93170756556339,7.366873264312744,2347.91650390625,0.13010907173156738,0.6776456021261936,0.9514487177080792,0.296,0.079,4.1307,0.849,0.875,0.296,0.5851000000000001,0.429
24,9.370769572496414,10.750702152741574,12.54037857055664,2287.63525390625,0.12207627296447754,0.70806632082189,0.9524294886094914,0.298,0.109,3.8983,0.859,0.873,0.206,0.5114,0.457
25,9.443557340383515,10.826280212730154,10.793827056884766,2374.384765625,0.13124608993530273,0.7884881024557631,0.9574522507884473,0.306,0.101,3.7129,0.885,0.879,0.217,0.6143000000000001,0.421
26,9.411655700683589,10.785623103266131,8.189772605895996,1741.8206787109375,0.12767291069030762,0.710252781573297,0.9549538727657121,0.298,0.092,5.043200000000001,0.879,0.872,0.238,0.4316,0.457
27,9.350653529405587,10.510649142539556,11.563213348388672,1113.195556640625,0.12657737731933594,0.7664392205685852,0.9554438481095802,0.281,0.123,3.1307,0.897,0.877,0.219,0.5511,0.47
28,9.479494882583616,10.882715654433818,8.202899932861328,2067.85400390625,0.12647724151611328,0.6498524773200498,0.9489338182284239,0.288,0.11,3.6726,0.872,0.875,0.271,0.525,0.466
29,9.542414142131811,10.820840087896352,11.694965362548828,2731.34130859375,0.12838339805603027,0.786418785743279,0.956963806561318,0.288,0.111,3.6214,0.893,0.855,0.265,0.4377,0.43
