,1-Wasserstein_PCA,2-Wasserstein_PCA,Linear_MMD_PCA,Poly_MMD_PCA,KNN identity,KNN identity PCA,precision,recall,density,coverage,precision_PCA,recall_PCA,density_PCA,coverage_PCA
0,12.74937975311279,13.979001847653779,1.2960768938064575,2532.263427734375,0.7118834608989506,0.990499142547615,1.0,0.0,66.3616,0.745,1.0,0.0,4.7616000000000005,0.074
1,12.568164230346683,13.648240739614902,5.1681809425354,3079.9384765625,0.7168395315655416,0.9874980465697765,1.0,0.0,67.33030000000001,0.792,1.0,0.0,5.2845,0.09
2,13.079316673755663,14.35657489938741,4.917740345001221,4518.13623046875,0.7217634834139675,0.9889986688389294,1.0,0.0,64.5541,0.741,1.0,0.0,5.0217,0.075
3,13.079377460002894,14.246405846129164,2.8238894939422607,2736.083984375,0.7223767551095004,0.9854969507338918,1.0,0.0,64.7471,0.74,1.0,0.0,6.7364999999999995,0.095
4,12.584375776767743,13.783710690690773,2.667520761489868,2289.13916015625,0.6980826077423653,0.9929996569831921,1.0,0.0,65.77120000000001,0.772,1.0,0.0,4.8119000000000005,0.076
5,12.91073589849474,14.097027238798812,4.745110988616943,4053.701416015625,0.7125047512089338,0.9814936662072594,1.0,0.0,67.0188,0.762,1.0,0.0,5.9881,0.093
6,13.183457215309156,14.426351708890794,4.139804840087891,4181.94873046875,0.7217634834139675,0.986497539176515,1.0,0.0,63.9304,0.734,1.0,0.0,5.3902,0.08
7,12.80259982538224,13.993056543843762,2.7061855792999268,2873.6318359375,0.7068945368218461,0.9874980465697765,1.0,0.0,65.2993,0.765,1.0,0.0,5.089700000000001,0.073
8,12.840097600936874,14.024485479970572,3.314255714416504,2868.720703125,0.7174567671252892,0.9884984789238377,1.0,0.0,62.6122,0.739,1.0,0.0,4.9846,0.073
9,13.115810973644257,14.352933189992452,4.86947774887085,3374.83154296875,0.703130834134763,0.983495506651686,1.0,0.0,66.7704,0.744,1.0,0.0,6.0379000000000005,0.082
10,12.800800220489494,13.97913025408502,1.0434733629226685,2386.9130859375,0.7043875214785165,0.990499142547615,1.0,0.0,62.4314,0.738,1.0,0.0,4.744700000000001,0.086
11,12.888258009433756,14.109195296485469,1.489518642425537,2439.421142578125,0.7193054769512497,0.983495506651686,1.0,0.0,66.512,0.746,1.0,0.0,5.3349,0.079
12,12.857421955108627,13.987408120583956,3.1815006732940674,3082.7724609375,0.7254358037599238,0.9909992709409463,1.0,0.0,64.5265,0.733,1.0,0.0,4.226100000000001,0.074
13,12.978932765960687,14.142731087226071,4.721101760864258,2556.44873046875,0.7229895376309604,0.9809931385230068,1.0,0.0,63.713699999999996,0.763,1.0,0.0,5.557,0.078
14,12.621267364501955,13.877238658216548,6.277132511138916,4653.8564453125,0.6840174210637042,0.9889986688389294,1.0,0.0,68.6905,0.777,1.0,0.0,4.5947000000000005,0.082
