,1-Wasserstein_PCA,2-Wasserstein_PCA,Linear_MMD_PCA,Poly_MMD_PCA,KNN identity,KNN identity PCA,precision,recall,density,coverage,precision_PCA,recall_PCA,density_PCA,coverage_PCA
0,13.897838783264147,14.018020087877716,139.23667907714844,18639.26171875,0.36582655029256966,0.9974999943749873,0.987,0.008,20.6036,1.0,0.16,0.006,0.0223,0.037
1,13.867215305328347,13.998438856548692,132.4261474609375,17096.51171875,0.3710845532826616,0.9974999843749024,0.996,0.002,19.980500000000003,0.993,0.368,0.0,0.049,0.039
2,13.832126151084912,13.951884010276833,122.24440002441406,15264.791015625,0.35839152630249965,0.9984999966249923,0.994,0.006,20.771900000000002,1.0,0.348,0.0,0.0411,0.046
3,13.546369403839117,13.651655691989504,115.4855728149414,15404.939453125,0.3752598343755963,0.9974999843749024,0.994,0.013,21.0164,0.999,0.107,0.0,0.013800000000000002,0.034
4,13.738549337387084,13.846746526943026,118.8565444946289,14932.10546875,0.3791444377044676,0.9974999843749024,0.998,0.023,20.1444,1.0,0.248,0.001,0.0396,0.058
5,13.646148708343498,13.768326052919415,133.9877166748047,16885.216796875,0.3731756270115091,0.996999972999757,0.994,0.006,22.253,0.999,0.245,0.0,0.0327,0.042
6,14.02208532428741,15.234920286465185,124.02838134765625,16467.73046875,0.3809413378847406,0.9959999639996759,0.996,0.044,22.157400000000003,1.0,0.271,0.009,0.038900000000000004,0.038
7,13.862588418483732,13.981486934995583,130.09426879882812,17798.37890625,0.3557646748236972,0.9974999843749024,0.993,0.004,20.954900000000002,1.0,0.135,0.003,0.0173,0.022
8,13.377730853080742,13.475738446556198,111.40387725830078,14400.423828125,0.3742185863584856,0.995999935998976,0.995,0.002,23.2907,1.0,0.219,0.006,0.0296,0.032
9,13.93093995571136,14.041220407127913,122.10321807861328,15391.0263671875,0.35945900537634407,0.9964999571244748,0.993,0.003,20.8363,1.0,0.431,0.0,0.06380000000000001,0.035
10,13.821486287116999,13.943394344621021,130.0557098388672,16520.662109375,0.3731756270115091,0.997999991999968,0.997,0.003,21.229100000000003,1.0,0.211,0.0,0.0289,0.032
11,13.660294098854068,13.781757678587441,121.13652801513672,16430.072265625,0.3647697093935906,0.996999987999952,0.995,0.001,21.2902,1.0,0.107,0.016,0.014000000000000002,0.034
12,13.5411973233223,13.65191882972717,119.56285858154297,15523.27734375,0.3562511856584074,0.9939998499962499,0.994,0.003,22.5435,1.0,0.276,0.033,0.0412,0.055
13,13.688502453804,13.850380372701164,120.0116958618164,15107.072265625,0.377075603555341,0.9959999639996759,0.997,0.015,20.66,0.999,0.144,0.01,0.021900000000000003,0.042
14,13.724707633018497,13.845008655516454,125.00438690185547,16664.291015625,0.35194881780103643,0.9959999639996759,0.996,0.002,21.561600000000002,1.0,0.223,0.023,0.0318,0.039
