,1-Wasserstein_PCA,2-Wasserstein_PCA,Linear_MMD_PCA,Poly_MMD_PCA,KNN identity,KNN identity PCA,precision,recall,density,coverage,precision_PCA,recall_PCA,density_PCA,coverage_PCA
0,20.744371428489686,20.957934181897066,370.6167297363281,144042.296875,0.9369227303446722,1.0,0.137,0.619,0.045200000000000004,0.12,0.006,0.018,0.0009,0.008
1,21.01338599872591,21.292110238408533,380.18994140625,148145.09375,0.9424682280789567,0.999499999875,0.098,0.524,0.0292,0.13,0.012,0.023,0.0013,0.004
2,20.64788476467134,20.87752802433423,360.7033996582031,137893.78125,0.9358459661647616,0.999499999875,0.165,0.56,0.0646,0.138,0.007,0.021,0.001,0.006
3,20.408783938407893,20.622630712192255,353.542236328125,141037.796875,0.9273428971794262,1.0,0.148,0.574,0.0704,0.16,0.002,0.006,0.0002,0.002
4,20.671915136337304,20.88213853568663,369.6477355957031,141173.578125,0.9324195623841277,1.0,0.126,0.596,0.037500000000000006,0.115,0.013,0.017,0.0021000000000000003,0.014
5,21.03512912750245,21.33710047020987,382.4493408203125,145049.03125,0.940448175024315,1.0,0.145,0.543,0.05610000000000001,0.159,0.006,0.003,0.0007000000000000001,0.006
6,20.628993076324495,20.8380752478582,368.4775390625,141677.375,0.9383834060000036,0.999499999875,0.169,0.504,0.1293,0.655,0.003,0.172,0.0008,0.007
7,21.174907522201543,21.479092281278138,388.3505859375,151125.625,0.941902337829892,0.999499999875,0.14,0.526,0.0626,0.128,0.006,0.013,0.0007000000000000001,0.005
8,20.637277441978434,20.848863221060135,363.56072998046875,145854.71875,0.9378741952453719,0.999499999875,0.141,0.552,0.0593,0.158,0.027,0.015,0.0032,0.004
9,20.68950960636138,20.899570055103045,359.6416015625,136851.0625,0.9353541427846579,1.0,0.192,0.518,0.0723,0.113,0.018,0.006,0.0022,0.011
10,20.739070755958558,20.9594933010327,367.6286926269531,139026.40625,0.9373703409483483,1.0,0.138,0.532,0.0806,0.352,0.002,0.0,0.0002,0.002
11,20.503947056770333,20.72194599284997,355.16156005859375,136042.9375,0.9379195437286724,1.0,0.136,0.541,0.049300000000000004,0.126,0.005,0.005,0.0005,0.003
12,20.565300882339475,20.775056648406686,366.6700744628906,145974.203125,0.9323720309756136,1.0,0.126,0.546,0.0857,0.292,0.002,0.014,0.0006000000000000001,0.006
13,20.731604385375974,20.948973950226307,369.3949890136719,147573.84375,0.9398836146780167,1.0,0.161,0.513,0.10660000000000001,0.327,0.008,0.008,0.0011,0.006
14,20.804074372291588,21.07680992708029,371.0667724609375,144514.015625,0.9384179573236444,1.0,0.158,0.548,0.0937,0.395,0.007,0.016,0.0012000000000000001,0.007
