,1-Wasserstein_PCA,2-Wasserstein_PCA,Linear_MMD_PCA,Poly_MMD_PCA,KNN identity,KNN identity PCA,precision,recall,density,coverage,precision_PCA,recall_PCA,density_PCA,coverage_PCA
0,11.746442945957178,12.091669861898053,79.7180404663086,9334.8603515625,0.8521740279341301,0.9942498098843393,0.4955,0.027,1.4045500000000002,0.189,0.363,0.0915,0.08805,0.0595
1,12.037456552743945,12.380576327625569,82.96702575683594,10835.35546875,0.8452328289820842,0.993249736317825,0.4325,0.0175,1.36125,0.196,0.3745,0.0745,0.1049,0.056
2,11.850662669539464,12.173121249801625,78.23448181152344,11260.158203125,0.8550777885278761,0.9924996324819916,0.4465,0.0275,1.1846,0.19,0.481,0.065,0.12735000000000002,0.0635
3,11.971651915907854,12.317187684816597,87.0914077758789,11800.90234375,0.8529723702921486,0.9939997839922237,0.46,0.005,1.3059,0.1775,0.3855,0.0775,0.09185,0.0635
4,12.006054740667322,12.319143696246417,78.66291809082031,10041.3984375,0.8494864812220011,0.9954999088731546,0.4815,0.0255,1.6242,0.1895,0.304,0.06,0.06575,0.0455
5,11.692512021422356,11.977315715358628,79.02049255371094,10897.828125,0.8625128225888377,0.9937497933525428,0.513,0.024,1.3924500000000002,0.188,0.4005,0.071,0.0943,0.0565
6,11.945778857111927,12.283067531987966,83.61505889892578,11121.16015625,0.8566911464708282,0.9907493703790214,0.473,0.0095,1.5732,0.1795,0.4005,0.091,0.10535000000000001,0.067
7,11.83529787063599,12.157325061556884,78.82421112060547,10326.154296875,0.868325762064652,0.9939998184945094,0.468,0.011,1.4334500000000001,0.1725,0.442,0.064,0.12395,0.0625
8,11.8564651376009,12.217773997397906,82.8625717163086,10516.236328125,0.8595856285253707,0.9927496189018437,0.464,0.0105,1.3209,0.183,0.367,0.081,0.1033,0.053
9,11.788289747953387,12.113817101862427,79.09942626953125,9476.580078125,0.8537488440128689,0.9934997253633966,0.44,0.009,1.42875,0.207,0.4025,0.0605,0.09735,0.061
10,11.981171796679508,12.35510187737682,82.89910888671875,10459.2529296875,0.8641143576922343,0.9944998624965624,0.478,0.021,1.3215000000000001,0.1695,0.3505,0.0545,0.0731,0.058
11,11.724874008059505,12.03186408384578,77.91255187988281,9904.462890625,0.8476169437686069,0.9927497167858119,0.47,0.0075,1.3120500000000002,0.176,0.436,0.0645,0.0941,0.0585
12,11.952787818074228,12.286532760069116,87.45559692382812,10734.265625,0.8540147475731228,0.9939997839922237,0.4595,0.011,1.1352499999999999,0.165,0.318,0.074,0.06925,0.051
13,11.883308441400539,12.203724713036049,84.49114990234375,11202.876953125,0.8551196334322668,0.9924996831116115,0.4945,0.0155,1.0497,0.1605,0.495,0.076,0.0979,0.0675
14,11.722072000980402,12.05629069818297,80.92118072509766,10761.3271484375,0.846814812598446,0.9937497558498378,0.475,0.021,1.5062,0.172,0.3545,0.059,0.08285000000000001,0.0565
15,11.660901266217229,11.95366296029847,84.4273910522461,10598.99609375,0.8574865847138045,0.9949998749968749,0.54,0.0135,1.5943500000000002,0.174,0.4515,0.0695,0.0974,0.0545
16,11.962575888395316,12.278005047311966,83.08961486816406,10068.708984375,0.8558744704901384,0.9947499261708368,0.494,0.004,1.37305,0.1665,0.319,0.0615,0.06765,0.0535
17,11.733633865833276,12.062666885130746,86.10752868652344,12270.205078125,0.8593209073597593,0.9939998499962499,0.482,0.0085,1.2772000000000001,0.167,0.3465,0.061,0.07865,0.06
18,11.488241494774812,11.814556923984005,78.86063385009766,10642.46484375,0.8664493819309194,0.9942498415112566,0.524,0.0165,1.4515000000000002,0.2025,0.386,0.0735,0.08995,0.0645
19,11.557649229884168,11.821956729470266,84.86624908447266,10222.7451171875,0.8577314178237037,0.9929997882435944,0.4535,0.023,1.3077,0.189,0.4525,0.0945,0.10205,0.0615
20,11.666093375444413,12.011635055523346,77.7041244506836,10042.994140625,0.8518859010699966,0.9924996324819916,0.452,0.0095,1.2276500000000001,0.159,0.424,0.0685,0.11630000000000001,0.0635
21,11.740749748110776,12.102294363391792,81.44609832763672,9663.5458984375,0.8588112005023671,0.9927496696568238,0.42,0.0085,1.2269500000000002,0.1835,0.417,0.062,0.1044,0.0645
22,11.920729400157924,12.26478101857545,84.51962280273438,11439.5126953125,0.8503536862534795,0.9924996831116115,0.454,0.0095,1.42745,0.1885,0.5505,0.1005,0.11035,0.0585
23,11.680208568215381,12.002808647565335,79.31965637207031,9307.2275390625,0.8682912106758365,0.9924996324819916,0.4905,0.008,1.385,0.1825,0.508,0.0845,0.11699999999999999,0.063
24,11.739710801839829,12.045671039272245,79.49491882324219,11238.28515625,0.832009228704023,0.9942498415112566,0.5335,0.0175,1.0676500000000002,0.1625,0.462,0.0725,0.07775,0.0545
25,11.693318509101854,12.012277556234407,77.62945556640625,11400.1279296875,0.8535043096275743,0.9939997839922237,0.494,0.033,1.3245500000000001,0.1615,0.4165,0.0565,0.08950000000000001,0.0515
26,11.917617387771603,12.255241123054544,90.15876007080078,11573.587890625,0.8497533194806575,0.9932496924391119,0.5045,0.0125,1.46375,0.152,0.383,0.052,0.0941,0.0545
27,11.826222482323654,12.165376817125132,80.2940444946289,11019.5703125,0.842015391976904,0.9937497558498378,0.479,0.0215,1.2083000000000002,0.17,0.357,0.0455,0.094,0.0585
28,11.976276800870894,12.2954971592802,81.82061004638672,10011.75,0.8465473145780051,0.9924996831116115,0.432,0.018,1.4329,0.1685,0.3535,0.077,0.0883,0.0585
29,11.757123594880118,12.114975139042949,78.75584411621094,9938.291015625,0.8529507875302268,0.9929997479909276,0.4515,0.0125,1.41585,0.1765,0.371,0.0695,0.0882,0.065
