,1-Wasserstein_PCA,2-Wasserstein_PCA,Linear_MMD_PCA,Poly_MMD_PCA,RBF_MMD_PCA,KNN identity,KNN identity PCA,precision,recall,density,coverage,precision_PCA,recall_PCA,density_PCA,coverage_PCA
0,14.986980444908134,15.216334144048131,5.863771915435791,7316.8876953125,1.362248420715332,1.0,0.999499999875,1.0,0.0,3.6915,0.059,1.0,0.0,0.6138,0.009
1,15.007390456199643,15.260608220309704,7.625728607177734,8042.2890625,1.357616662979126,0.9989999989999989,0.9974999843749024,1.0,0.0,4.0273,0.066,1.0,0.0,0.7127,0.013
2,14.973715229988093,15.214135377945794,1.217699408531189,7079.1728515625,1.3676085472106934,0.999499999875,0.9984999966249923,1.0,0.0,3.5447000000000006,0.059,1.0,0.0,0.6262,0.007
3,15.063886125564588,15.296262697771189,-3.229652166366577,7097.408203125,1.3705782890319824,0.9989999989999989,0.997999991999968,1.0,0.0,3.0895,0.045,1.0,0.0,0.7876000000000001,0.011
4,15.073387914657584,15.296051390002926,4.072659492492676,8143.34912109375,1.370521068572998,1.0,0.997999991999968,1.0,0.0,2.8956,0.048,1.0,0.0,0.9225,0.016
5,14.897780281066915,15.145909460548937,8.364812850952148,7592.47265625,1.3458142280578613,0.9989999989999989,0.999499999875,1.0,0.0,3.6979,0.054,1.0,0.0,0.8608000000000001,0.013
6,15.102293737411513,15.34571422775468,4.751340866088867,7676.56005859375,1.3719978332519531,0.999499999875,0.9984999966249923,1.0,0.0,3.605,0.064,1.0,0.0,0.7049000000000001,0.01
7,15.081313168525714,15.328759842817904,7.540789604187012,7513.77734375,1.3708481788635254,0.999499999875,0.997999991999968,1.0,0.0,2.5726,0.042,1.0,0.0,0.6361,0.009
8,14.966660359382647,15.197597941280543,1.2166556119918823,7478.68408203125,1.3556878566741943,0.997999991999968,0.9989999989999989,1.0,0.0,4.2807,0.07,1.0,0.0,0.3306,0.006
9,14.944820400238044,15.157846951447011,2.784477949142456,7086.71923828125,1.362494945526123,0.999499999875,0.999499999875,1.0,0.0,3.5079000000000002,0.058,1.0,0.0,0.5118,0.006
10,14.963802657127369,15.18504256522927,7.282934188842773,8461.431640625,1.3704335689544678,1.0,0.9989999989999989,1.0,0.0,3.3853000000000004,0.056,1.0,0.0,1.0613,0.014
11,15.020456462860107,15.245909604930162,4.8396897315979,8025.0078125,1.3727929592132568,0.999499999875,1.0,1.0,0.0,3.0142,0.044,1.0,0.0,0.23460000000000003,0.008
12,14.975230140686037,15.198636992227586,3.4465203285217285,7259.720703125,1.357133388519287,0.999499999875,0.997999991999968,1.0,0.0,4.277,0.061,1.0,0.0,1.2087,0.015
13,14.994594944953926,15.243746510560399,-1.1481430530548096,6970.93505859375,1.367616891860962,0.999499999875,0.9984999966249923,1.0,0.0,2.8546,0.05,1.0,0.0,0.9868000000000001,0.012
14,14.975564217567447,15.190774303739218,6.489068031311035,7398.203125,1.3659000396728516,0.9989999989999989,0.9984999966249923,1.0,0.0,4.1073,0.067,1.0,0.0,0.6134000000000001,0.007
15,14.92668930435181,15.148300915358567,6.33118200302124,7389.55908203125,1.3618123531341553,0.999499999875,0.999499999875,1.0,0.0,3.6165000000000003,0.051,1.0,0.0,0.7163,0.009
16,15.195904396057122,15.456007913127399,3.825788736343384,8029.3154296875,1.373750925064087,0.9989999989999989,0.9984999966249923,1.0,0.0,3.3678,0.057,1.0,0.0,0.4643,0.009
17,15.031660706520082,15.253864168475888,3.2584400177001953,7405.70166015625,1.364577054977417,0.9989999989999989,0.9989999989999989,1.0,0.0,3.5915999999999997,0.055,1.0,0.0,0.49520000000000003,0.007
18,15.083777989387517,15.315514790111788,8.126055717468262,7566.30859375,1.3712234497070312,1.0,0.9984999966249923,1.0,0.0,3.2585,0.057,1.0,0.0,0.3561,0.007
19,14.812013871192939,15.0268014078663,4.330479145050049,6718.86767578125,1.356715440750122,0.9989999989999989,0.997999991999968,1.0,0.0,3.6939,0.055,1.0,0.0,0.5835,0.008
20,15.18965946388245,15.46902432852351,6.730042934417725,8750.5771484375,1.367530107498169,0.9984999966249923,0.9989999989999989,1.0,0.0,3.2430000000000003,0.054,1.0,0.0,0.47130000000000005,0.006
21,14.787939548492416,15.003420344701231,6.6757121086120605,6778.98193359375,1.3427062034606934,0.999499999875,0.997999991999968,1.0,0.0,3.7081000000000004,0.064,1.0,0.0,0.542,0.011
22,14.958999121665954,15.175325601720209,5.851914405822754,7303.69775390625,1.3660380840301514,0.9984999966249923,0.999499999875,1.0,0.0,3.6194000000000006,0.058,1.0,0.0,0.418,0.009
23,15.098346381187422,15.358348955190289,7.278595924377441,8245.0322265625,1.3580992221832275,0.999499999875,0.999499999875,1.0,0.0,3.2334000000000005,0.056,1.0,0.0,0.5721,0.009
24,15.053382402420064,15.287624003920355,6.350777626037598,7684.15087890625,1.3629515171051025,0.997999991999968,1.0,1.0,0.0,3.2377000000000002,0.051,1.0,0.0,0.7691,0.01
25,15.057371804714206,15.286917891442018,-0.6036556363105774,7188.84228515625,1.3771274089813232,1.0,0.997999991999968,1.0,0.0,4.3594,0.066,1.0,0.0,0.6674000000000001,0.008
26,14.864516125679012,15.09025922953287,4.729272365570068,7278.51513671875,1.3585331439971924,0.9984999966249923,0.9984999966249923,1.0,0.0,2.7611000000000003,0.041,1.0,0.0,0.7705000000000001,0.01
27,15.024010199546812,15.276984675409775,4.420870304107666,8176.90380859375,1.3588171005249023,0.9984999966249923,1.0,1.0,0.0,2.8439,0.046,1.0,0.0,0.4928,0.009
28,15.092759749412526,15.326214033519735,5.57402229309082,8027.65673828125,1.3637721538543701,0.999499999875,0.997999991999968,1.0,0.0,3.8853000000000004,0.062,1.0,0.0,0.8124000000000001,0.013
29,14.932256879806511,15.17844061570674,5.841531753540039,7414.60595703125,1.357982873916626,0.996999972999757,0.999499999875,1.0,0.0,3.8312,0.052,1.0,0.0,0.46520000000000006,0.007
