,1-Wasserstein_PCA,2-Wasserstein_PCA,Linear_MMD_PCA,Poly_MMD_PCA,KNN identity,KNN identity PCA,precision,recall,density,coverage,precision_PCA,recall_PCA,density_PCA,coverage_PCA,KNN category,KNN category PCA,ct,global_f1
0,17.57928973910957,17.675786508240172,304.591552734375,150454.296875,0.6338009702373149,0.9989258811869993,0.41935483870967744,0.630901287553648,0.5778494623655914,0.8948497854077253,0.0,1.0,0.0,0.0,0.17909738717339668,0.001430615164520744,CA,0.7349007325084413
1,18.4352070673581,18.548350403510838,338.488037109375,369939.3125,0.693783850424698,0.9985406335692572,0.4066265060240964,0.788135593220339,0.3060240963855422,0.6751412429378532,0.0,0.2711864406779661,0.0,0.0,0.21575342465753422,0.003003003003003003,CA1-Sub,0.7349007325084413
2,17.899576867264773,17.995908143132905,335.3100280761719,580407.9375,0.6288426317966089,0.998752090870191,0.2717948717948718,0.8276699029126213,0.11435897435897435,0.3859223300970874,0.0,0.720873786407767,0.0,0.0,0.4993581514762516,1.0,CA2-3-4,0.7349007325084413
3,18.659604589144386,18.792174489012194,343.8595886230469,46481.74609375,0.7224552039649257,0.9903120633442013,0.5,0.8125,0.7589285714285715,1.0,0.017857142857142856,0.5625,0.0035714285714285713,0.041666666666666664,0.23584905660377362,0.0,GlialProg,0.7349007325084413
4,17.97626137374551,18.039223031852984,316.4459533691406,362364.0,0.6232931726907631,1.0,0.6,0.7548387096774194,0.39111111111111113,0.8064516129032258,0.0,0.0,0.0,0.0,0.13114754098360656,0.0,Granule,0.7349007325084413
5,18.73188492677129,18.802412513206335,348.3578186035156,291745.6875,0.4579858497666717,0.9971652961582937,0.3236151603498542,0.8815426997245179,0.13877551020408163,0.6336088154269972,0.18075801749271136,0.0027548209366391185,0.019533527696793004,0.008264462809917356,0.3318692044899951,0.49927007299270076,ImmAstro,0.7349007325084413
6,18.366424159856603,18.41130444783623,335.5167236328125,75115.28125,0.5564635587059251,1.0,0.4523809523809524,0.47638603696098564,1.0037698412698413,0.997946611909651,0.003968253968253968,0.0,0.0003968253968253968,0.002053388090349076,0.1925925925925926,0.0,ImmGranule1,0.7349007325084413
7,18.08176318438579,18.142361078468834,325.0549621582031,157414.8125,0.6570560873409449,1.0,0.5088161209068011,0.5458937198067633,0.9586901763224183,0.9855072463768116,0.0,0.0,0.0,0.0,0.12653061224489795,0.005,ImmGranule2,0.7349007325084413
8,19.376191893932873,19.457250298066075,364.4787292480469,42770.15234375,0.4276030879307098,1.0,0.5058823529411764,0.7466666666666667,0.5494117647058824,1.0,0.0,0.0,0.0,0.0,0.17777777777777778,0.0,Nbl1,0.7349007325084413
9,18.9126777803562,18.95557458573456,353.9125671386719,31038.626953125,0.7599958660854869,1.0,0.5353535353535354,0.6172248803827751,0.9232323232323232,1.0,0.005050505050505051,0.004784688995215311,0.0005050505050505052,0.004784688995215311,0.32201914708442125,0.0,Nbl2,0.7349007325084413
10,19.48113603831134,19.570539162182108,358.1825256347656,98887.4375,0.696344537815126,1.0,0.34782608695652173,0.7115384615384616,0.34695652173913044,0.9519230769230769,0.0,0.0,0.0,0.0,0.15503875968992248,0.026016260162601623,OPC,0.7349007325084413
11,19.099884747389716,19.172575053128973,365.9336853027344,140243.203125,0.7331717837984586,1.0,0.5112107623318386,0.672645739910314,0.6452914798206278,0.9775784753363229,0.004484304932735426,0.0,0.0004484304932735426,0.004484304932735426,0.1522222222222222,0.011544011544011542,RadialGlia,0.7349007325084413
12,19.67582062837074,19.751910775908787,382.545654296875,212712.375,0.45572916666666663,1.0,0.43023255813953487,0.9111111111111111,0.32093023255813957,0.9333333333333333,0.0,0.0,0.0,0.0,0.1717557251908397,0.0,RadialGlia2,0.7349007325084413
13,19.01113211014156,19.099433434469116,343.57769775390625,118865.84375,0.6359555870540987,1.0,0.5575221238938053,0.8024691358024691,0.5269911504424779,0.9135802469135802,0.01327433628318584,0.0,0.0017699115044247787,0.00823045267489712,0.14959349593495938,0.17988668555240794,nIPC,0.7349007325084413
14,17.70848946084354,17.805855453411798,306.858642578125,153702.671875,0.6302987721235237,0.997820688738326,0.42920353982300885,0.6995708154506438,0.5860619469026549,0.9163090128755365,0.004424778761061947,1.0,0.0004424778761061947,0.002145922746781116,0.18031591737545566,0.0014716703458425313,CA,0.7349007325084413
15,18.356049830617163,18.46566759731315,333.95465087890625,364155.34375,0.6733967251827402,0.9971547676865793,0.39255014326647564,0.7796610169491526,0.31404011461318054,0.6864406779661016,0.0028653295128939827,0.9717514124293786,0.000859598853868195,0.00847457627118644,0.17337662337662338,0.005681818181818183,CA1-Sub,0.7349007325084413
16,18.04348688576923,18.131283317275084,337.4785461425781,588368.125,0.5555336968632578,1.0,0.2801047120418848,0.8422330097087378,0.10916230366492147,0.36893203883495146,0.0,0.0,0.0,0.0,0.49670619235836627,1.0,CA2-3-4,0.7349007325084413
17,19.30074227571487,19.391189741896227,358.3351745605469,51882.6171875,0.5721507352941176,1.0,0.54,0.7916666666666666,0.588,1.0,0.0,0.0,0.0,0.0,0.23404255319148937,0.0,GlialProg,0.7349007325084413
18,17.9771107455061,18.03359669304285,316.26409912109375,359035.59375,0.6557009345794391,1.0,0.5592105263157895,0.6967741935483871,0.5046052631578948,0.8193548387096774,0.0,0.0,0.0,0.0,0.13106796116504854,0.006535947712418301,Granule,0.7349007325084413
19,18.69438447329812,18.774149795037818,349.63922119140625,288916.0,0.5625382542227644,0.9973098840068265,0.3648293963254593,0.8622589531680441,0.22939632545931762,0.7796143250688705,0.2073490813648294,0.005509641873278237,0.022834645669291342,0.008264462809917356,0.19867899603698813,0.4980237154150198,ImmAstro,0.7349007325084413
20,17.980887503854536,18.029903943892236,318.9166564941406,67967.21875,0.7134613312157908,0.9989336391975607,0.5,0.49075975359342916,0.9015486725663717,0.9897330595482546,0.008849557522123894,0.08624229979466119,0.0008849557522123894,0.002053388090349076,0.2428896473265074,0.0,ImmGranule1,0.7349007325084413
21,18.022225948614903,18.08302289605511,322.3601379394531,155806.125,0.7103218210361067,1.0,0.535796766743649,0.533816425120773,1.0722863741339492,0.9806763285024155,0.0,0.0,0.0,0.0,0.07626168224299065,0.009153318077803202,ImmGranule2,0.7349007325084413
22,19.05548761132645,19.116909247174465,352.60614013671875,40976.1015625,0.7667955880246382,1.0,0.6164383561643836,0.6666666666666666,0.893150684931507,1.0,0.0,0.0,0.0,0.0,0.21705426356589147,0.0,Nbl1,0.7349007325084413
23,19.091706001660878,19.135595526902854,358.9588623046875,32560.873046875,0.738445434377918,1.0,0.5247524752475248,0.583732057416268,1.0613861386138614,1.0,0.0,0.0,0.0,0.0,0.3213675213675214,0.0,Nbl2,0.7349007325084413
24,19.697577893454888,19.802099566036606,375.34375,105564.375,0.6619242323097463,1.0,0.41739130434782606,0.5192307692307693,0.4947826086956522,0.9423076923076923,0.0,0.0,0.0,0.0,0.18995433789954336,0.020833333333333332,OPC,0.7349007325084413
25,18.99255981009708,19.06620913659713,358.82861328125,139579.46875,0.710144207849992,1.0,0.4646017699115044,0.672645739910314,0.6778761061946903,0.9820627802690582,0.004424778761061947,0.0,0.0004424778761061947,0.004484304932735426,0.16272965879265092,0.019148936170212766,RadialGlia,0.7349007325084413
26,19.308018967566362,19.37631677483247,365.941162109375,198275.59375,0.5421485088253196,1.0,0.3103448275862069,0.9333333333333333,0.17126436781609197,0.7777777777777778,0.022988505747126436,0.0,0.0022988505747126436,0.011111111111111112,0.1216,0.0,RadialGlia2,0.7349007325084413
27,19.121471490987293,19.212078888583783,342.3976745605469,121429.8984375,0.6374746918584737,1.0,0.5284552845528455,0.8065843621399177,0.7223577235772358,0.9588477366255144,0.024390243902439025,0.0,0.002845528455284553,0.00823045267489712,0.1498881431767338,0.118673647469459,nIPC,0.7349007325084413
28,17.657864724015464,17.748897590311394,306.02642822265625,152744.0625,0.6380616509926855,0.9989103844633643,0.4247787610619469,0.703862660944206,0.5641592920353983,0.9227467811158798,0.008849557522123894,0.9763948497854077,0.0008849557522123894,0.002145922746781116,0.1819059107358263,0.004395604395604396,CA,0.7349007325084413
29,18.352241785222446,18.43837861278215,336.3895568847656,368020.21875,0.6903749247298197,0.9985451561948222,0.47005988023952094,0.748587570621469,0.3856287425149701,0.7175141242937854,0.0,0.4858757062146893,0.0,0.0,0.21598639455782315,0.005952380952380953,CA1-Sub,0.7349007325084413
30,17.850292528525333,17.93800033240701,328.241455078125,560430.3125,0.6103338880798836,1.0,0.2864321608040201,0.8033980582524272,0.13316582914572866,0.41019417475728154,0.0,0.0,0.0,0.0,0.49937106918238994,1.0,CA2-3-4,0.7349007325084413
31,19.53897170693266,19.635045170723156,373.04315185546875,56324.0703125,0.43055555555555547,1.0,0.6470588235294118,0.8125,0.45588235294117646,1.0,0.0,0.0,0.0,0.0,0.21186440677966104,0.0,GlialProg,0.7349007325084413
32,17.919983921442572,17.989433637662586,312.8578186035156,352566.03125,0.7215972159721598,1.0,0.6,0.7870967741935484,0.5145454545454545,0.8580645161290322,0.0,0.0,0.0,0.0,0.125,0.006024096385542168,Granule,0.7349007325084413
33,18.56338120898202,18.630967206578745,342.4458312988281,287554.9375,0.5069269032819814,0.9959336975986042,0.336,0.8292011019283747,0.29333333333333333,0.8539944903581267,0.18666666666666668,0.2066115702479339,0.02026666666666667,0.008264462809917356,0.19892761394101877,0.49866310160427807,ImmAstro,0.7349007325084413
34,18.538966514760403,18.585158204282614,341.299072265625,77117.921875,0.5424994285402964,1.0,0.4670781893004115,0.5462012320328542,0.7849794238683128,0.9917864476386037,0.0,0.0,0.0,0.0,0.32633053221288516,0.0,ImmGranule1,0.7349007325084413
35,18.084391679230368,18.149892982395453,325.043212890625,158741.546875,0.6523518127291712,1.0,0.5023696682464455,0.5265700483091788,0.8694312796208531,0.9879227053140096,0.0,0.0,0.0,0.0,0.08546168958742632,0.003144654088050315,ImmGranule2,0.7349007325084413
36,19.07433998570298,19.151102686977588,353.7372131347656,40706.6640625,0.706328437917223,1.0,0.6666666666666666,0.68,1.031818181818182,1.0,0.0,0.0,0.0,0.0,0.21551724137931033,0.0,Nbl1,0.7349007325084413
37,18.87877135202143,18.925731458093875,351.1160888671875,30710.76171875,0.6947110716156331,1.0,0.5194174757281553,0.6076555023923444,1.0592233009708738,1.0,0.0,0.0,0.0,0.0,0.3198653198653199,0.0,Nbl2,0.7349007325084413
38,19.108024682754127,19.1925705889462,346.7121276855469,97018.328125,0.4692969283276451,1.0,0.45714285714285713,0.6153846153846154,0.37714285714285717,0.8942307692307693,0.0,0.0,0.0,0.0,0.18894472361809048,0.03539823008849558,OPC,0.7349007325084413
39,19.027175598094573,19.095164219896162,358.82611083984375,139104.703125,0.7133737631662942,1.0,0.5,0.6412556053811659,0.7292035398230089,0.9865470852017937,0.0,0.0,0.0,0.0,0.11119691119691119,0.02333333333333333,RadialGlia,0.7349007325084413
40,19.424664584795618,19.49970993027801,362.7450256347656,201080.65625,0.5570330200943431,1.0,0.3977272727272727,0.9111111111111111,0.2363636363636364,0.8444444444444444,0.011363636363636364,0.0,0.0011363636363636365,0.011111111111111112,0.17407407407407405,0.0,RadialGlia2,0.7349007325084413
41,19.157299430282016,19.250314903731503,343.9296569824219,117100.609375,0.6395643858074085,1.0,0.5102880658436214,0.7942386831275721,0.6493827160493828,0.9629629629629629,0.024691358024691357,0.0,0.0024691358024691358,0.00823045267489712,0.12500000000000003,0.13729729729729728,nIPC,0.7349007325084413
