,1-Wasserstein_PCA,2-Wasserstein_PCA,Linear_MMD_PCA,Poly_MMD_PCA,KNN identity,KNN identity PCA,precision,recall,density,coverage,precision_PCA,recall_PCA,density_PCA,coverage_PCA,KNN category,KNN category PCA,ct,global_f1
0,22.403261970552766,22.475756486891747,460.7588806152344,317662.4375,0.3333333333333333,1.0,1.0,0.0,14.595493562231761,1.0,0.0,0.0,0.0,0.0,0.15165692007797268,0.0,CA,0.7722978928756916
1,23.25799981887731,23.321165111854864,499.5247802734375,659686.875,0.4265908747924946,1.0,0.9830508474576272,0.002824858757062147,4.379661016949153,1.0,0.0,0.0,0.0,0.0,0.22894333843797857,0.08997429305912596,CA1-Sub,0.7722978928756916
2,23.499200543153634,23.566569062501337,537.5741577148438,1101543.75,0.7976347192582909,1.0,0.9320388349514563,0.02912621359223301,1.216990291262136,0.9757281553398058,0.0,0.0,0.0,0.0,0.33252230332522303,1.0,CA2-3-4,0.7722978928756916
3,23.79805580774943,23.879932047258965,507.49749755859375,128545.15625,0.3333333333333333,1.0,1.0,0.0,3.608333333333334,1.0,0.0,0.0,0.0,0.0,0.18181818181818182,0.0,GlialProg,0.7722978928756916
4,22.990138675320537,23.05330864615815,480.85491943359375,706693.375,0.3333333333333333,1.0,1.0,0.0064516129032258064,6.527096774193549,1.0,0.0,0.0,0.0,0.0,0.2134502923976608,0.0935672514619883,Granule,0.7722978928756916
5,23.485919471614622,23.54593193879734,497.2242431640625,447978.65625,0.3333333333333333,0.9986225869183702,1.0,0.0,13.873553719008266,1.0,0.0,0.0,0.0,0.0,0.14126541981695184,0.33195020746887965,ImmAstro,0.7722978928756916
6,23.330820804259126,23.3823100388371,503.7179870605469,185759.0625,0.3333333333333333,1.0,0.997946611909651,0.0,13.841273100616016,1.0,0.0,0.0,0.0,0.0,0.19644723092998956,0.0,ImmGranule1,0.7722978928756916
7,23.244254070779558,23.30160102276632,500.995849609375,343930.1875,0.3333333333333333,1.0,0.9951690821256038,0.0,15.298792270531402,1.0,0.0,0.0,0.0,0.0,0.13994910941475827,0.0024096385542168672,ImmGranule2,0.7722978928756916
8,23.858553670247396,23.9267335482251,514.6477661132812,110255.3046875,0.3333333333333333,1.0,0.9866666666666667,0.0,4.486666666666667,1.0,0.0,0.0,0.0,0.0,0.2935323383084577,0.0,Nbl1,0.7722978928756916
9,23.74679277958482,23.80469265253004,518.9856567382812,120424.53125,0.3333333333333333,1.0,0.9952153110047847,0.0,7.319617224880384,1.0,0.0,0.0,0.0,0.0,0.23136246786632392,0.0,Nbl2,0.7722978928756916
10,23.8812033029703,23.931068379226648,495.25091552734375,218806.34375,0.3333333333333333,1.0,1.0,0.0,5.597115384615385,1.0,0.0,0.0,0.0,0.0,0.15824915824915825,0.043859649122807015,OPC,0.7722978928756916
11,23.87913309619032,23.943374112969266,516.1331787109375,245098.375,0.3333333333333333,1.0,1.0,0.0,11.024215246636771,1.0,0.0,0.0,0.0,0.0,0.1125776397515528,0.023504273504273504,RadialGlia,0.7722978928756916
12,23.757009569803873,23.830123920026875,506.11346435546875,327397.15625,0.3333333333333333,1.0,1.0,0.0,5.713333333333334,1.0,0.0,0.0,0.0,0.0,0.1739130434782609,0.02150537634408602,RadialGlia2,0.7722978928756916
13,23.551610310872384,23.609494935282605,489.2900085449219,199957.9375,0.3378895694469465,1.0,1.0,0.0,6.464609053497942,1.0,0.0,0.0,0.0,0.0,0.12119160460392688,0.09240506329113925,nIPC,0.7722978928756916
14,22.59459897069971,22.66728159616008,467.1858215332031,328592.9375,0.3357132674942789,1.0,1.0,0.0,13.870386266094421,1.0,0.0,0.0,0.0,0.0,0.18147713950762018,0.0,CA,0.7722978928756916
15,23.156456764134962,23.229126124356178,502.1829833984375,654744.0625,0.41565819721105457,1.0,0.9858757062146892,0.005649717514124294,4.107627118644068,1.0,0.0,0.0,0.0,0.0,0.22642967542503864,0.08762886597938145,CA1-Sub,0.7722978928756916
16,23.34339791362721,23.411451697730268,527.2228393554688,1058935.375,0.755042451692231,1.0,0.9101941747572816,0.038834951456310676,1.4609223300970875,0.9927184466019418,0.0,0.0,0.0,0.0,0.4981729598051157,1.0,CA2-3-4,0.7722978928756916
17,23.506688555081684,23.58681502325577,495.5993957519531,127358.5,0.3333333333333333,1.0,1.0,0.0,3.3854166666666665,1.0,0.0,0.0,0.0,0.0,0.21764705882352942,0.0,GlialProg,0.7722978928756916
18,23.058455264183795,23.120362915092944,484.4112243652344,698042.0625,0.3333333333333333,1.0,1.0,0.0064516129032258064,6.716774193548388,1.0,0.0,0.0,0.0,0.0,0.1412037037037037,0.07738095238095238,Granule,0.7722978928756916
19,23.684168734169535,23.746325871964213,509.3699951171875,461245.96875,0.3333333333333333,0.9986225869183702,1.0,0.0,12.690358126721764,1.0,0.0027548209366391185,0.0,0.0002754820936639119,0.0027548209366391185,0.33195020746887965,0.4993103448275862,ImmAstro,0.7722978928756916
20,23.22899180026515,23.278355500540407,498.9631042480469,181703.59375,0.3333333333333333,1.0,0.9958932238193019,0.0,14.299794661190965,1.0,0.0,0.0,0.0,0.0,0.1642361111111111,0.0,ImmGranule1,0.7722978928756916
21,23.206674520520206,23.259568824379873,497.8316955566406,344456.5,0.3333333333333333,1.0,1.0,0.0,16.08985507246377,1.0,0.0,0.0,0.0,0.0,0.11235955056179776,0.0024096385542168672,ImmGranule2,0.7722978928756916
22,23.861969807942714,23.92944425616388,515.4049072265625,108174.15625,0.3333333333333333,1.0,1.0,0.0,4.969333333333334,1.0,0.0,0.0,0.0,0.0,0.4565217391304348,0.0,Nbl1,0.7722978928756916
23,23.498454865086018,23.553659789812777,506.6240539550781,117110.8359375,0.3333333333333333,1.0,0.9952153110047847,0.0,7.5799043062200955,1.0,0.0,0.0,0.0,0.0,0.3130287648054146,0.0,Nbl2,0.7722978928756916
24,24.227398633956895,24.290384231487185,517.9288330078125,237396.328125,0.3333333333333333,1.0,0.9903846153846154,0.0,5.035576923076924,1.0,0.0,0.0,0.0,0.0,0.23604060913705585,0.05172413793103448,OPC,0.7722978928756916
25,23.958187402631143,24.01390925375499,521.8558959960938,250439.453125,0.3333333333333333,1.0,1.0,0.0,10.760986547085203,1.0,0.0,0.0,0.0,0.0,0.12968036529680363,0.0044444444444444444,RadialGlia,0.7722978928756916
26,23.8541826248169,23.92912261248548,514.9415893554688,337752.75,0.3333333333333333,1.0,0.9888888888888889,0.0,6.1322222222222225,1.0,0.0,0.0,0.0,0.0,0.14285714285714285,0.016129032258064516,RadialGlia2,0.7722978928756916
27,23.777182480925884,23.835776182029516,494.4675598144531,204439.515625,0.3333333333333333,1.0,1.0,0.0,5.988477366255144,1.0,0.0,0.0,0.0,0.0,0.0924145299145299,0.09719626168224298,nIPC,0.7722978928756916
28,22.61612590495098,22.68887375348642,467.3685607910156,329480.78125,0.3333333333333333,1.0,1.0,0.0,14.033905579399141,1.0,0.0,0.0,0.0,0.0,0.1791469194312796,0.0,CA,0.7722978928756916
29,23.056945046462577,23.12381730992188,496.363037109375,648668.6875,0.4101198943304206,1.0,0.9915254237288136,0.011299435028248588,4.546610169491525,1.0,0.0,0.0,0.0,0.0,0.22852760736196318,0.11278195488721802,CA1-Sub,0.7722978928756916
30,23.32864107668978,23.382344107767015,533.0081176757812,1086808.5,0.8055346199231092,1.0,0.9563106796116505,0.02912621359223301,1.3305825242718448,0.9975728155339806,0.0,0.0,0.0,0.0,0.49878345498783455,1.0,CA2-3-4,0.7722978928756916
31,23.491775433222454,23.576985474274665,490.3550109863281,123252.9296875,0.3333333333333333,1.0,0.9791666666666666,0.0,3.6479166666666667,1.0,0.0,0.0,0.0,0.0,0.1450980392156863,0.0,GlialProg,0.7722978928756916
32,23.005709506619347,23.067464571829703,489.6877136230469,743018.75,0.3333333333333333,1.0,1.0,0.0064516129032258064,6.378064516129033,1.0,0.0,0.0,0.0,0.0,0.18495934959349594,0.07738095238095238,Granule,0.7722978928756916
33,23.543258220367854,23.599328848753473,503.955078125,450109.75,0.3333333333333333,0.9986225869183702,1.0,0.0,13.675757575757576,1.0,0.0,0.0,0.0,0.0,0.19889196675900278,0.3314866112650046,ImmAstro,0.7722978928756916
34,23.309750731231244,23.360266742353495,501.3265075683594,184277.28125,0.3333333333333333,1.0,0.9958932238193019,0.0,14.106570841889118,1.0,0.0,0.0,0.0,0.0,0.1640597844977407,0.0,ImmGranule1,0.7722978928756916
35,23.171371432318193,23.221011890394312,495.08282470703125,339353.84375,0.3333333333333333,1.0,0.9975845410628019,0.0,16.59830917874396,1.0,0.0,0.0,0.0,0.0,0.12865497076023394,0.0024096385542168672,ImmGranule2,0.7722978928756916
36,23.480322163899736,23.54169454045179,499.83758544921875,99037.4140625,0.3333333333333333,1.0,1.0,0.0,5.257333333333333,1.0,0.0,0.0,0.0,0.0,0.4444444444444445,0.0,Nbl1,0.7722978928756916
37,23.48459638933243,23.538509619284355,504.2758483886719,114624.109375,0.3333333333333333,1.0,1.0,0.0,8.211483253588517,1.0,0.0,0.0,0.0,0.0,0.4788029925187033,0.0,Nbl2,0.7722978928756916
38,23.840744073574356,23.899906737284038,504.0267028808594,210283.59375,0.3333333333333333,1.0,1.0,0.0,5.3826923076923086,1.0,0.0,0.0,0.0,0.0,0.15555555555555556,0.03153153153153153,OPC,0.7722978928756916
39,23.910851243365496,23.968485773244556,519.2619018554688,242733.078125,0.3333333333333333,1.0,1.0,0.0,10.697309417040358,1.0,0.0,0.0,0.0,0.0,0.09641873278236915,0.00663716814159292,RadialGlia,0.7722978928756916
40,23.991537072923457,24.059760635579124,516.8018798828125,344993.34375,0.3333333333333333,1.0,1.0,0.0,5.584444444444444,1.0,0.0,0.0,0.0,0.0,0.1917808219178082,0.02127659574468085,RadialGlia2,0.7722978928756916
41,23.669868885244366,23.734842908932087,498.76922607421875,205014.171875,0.3333333333333333,1.0,1.0,0.00411522633744856,6.1230452674897125,1.0,0.0,0.0,0.0,0.0,0.12349799732977303,0.09240506329113925,nIPC,0.7722978928756916
