,1-Wasserstein_PCA,2-Wasserstein_PCA,Linear_MMD_PCA,Poly_MMD_PCA,KNN identity,KNN identity PCA,precision,recall,density,coverage,precision_PCA,recall_PCA,density_PCA,coverage_PCA,KNN category,KNN category PCA,ct,global_f1
0,20.159501556674797,20.227614523066055,400.68115234375,246835.8125,0.4725361032721057,1.0,0.4742489270386266,0.8454935622317596,0.5354077253218884,0.9785407725321889,0.0,0.01072961373390558,0.0,0.0,0.16315120711562897,0.0,CA,0.7112612773973316
1,18.862471456581584,18.92054840222623,356.215576171875,404521.375,0.5812697678006633,1.0,0.6497175141242938,0.7344632768361582,0.7774011299435029,0.963276836158192,0.0,0.0,0.0,0.0,0.3085483055134041,0.0,CA1-Sub,0.7112612773973316
2,17.98865285660456,18.060525680474257,334.9998474121094,582591.9375,0.6137604187183469,1.0,0.6990291262135923,0.6674757281553398,0.9861650485436894,0.9344660194174758,0.0,0.0,0.0,0.0,0.49571603427172584,1.0,CA2-3-4,0.7112612773973316
3,21.17300343513489,21.26904713313547,426.05523681640625,77727.84375,0.7172466455765245,1.0,0.3958333333333333,0.875,0.6604166666666668,1.0,0.0,0.0,0.0,0.0,0.15064935064935064,0.0,GlialProg,0.7112612773973316
4,18.775225300942704,18.830656972266024,344.0783386230469,367332.375,0.6677816386841164,1.0,0.8064516129032258,0.7741935483870968,0.9761290322580646,0.967741935483871,0.0,0.0,0.0,0.0,0.06120218579234972,0.0,Granule,0.7112612773973316
5,19.133470062381964,19.194072735357555,362.0325012207031,249520.0,0.6964761266601378,0.9972451581567603,0.6914600550964187,0.7658402203856749,0.49118457300275487,0.9146005509641874,0.49586776859504134,0.0,0.05068870523415978,0.008264462809917356,0.10548319665541084,0.24472573839662448,ImmAstro,0.7112612773973316
6,19.99211559256489,20.04395229212881,396.7399597167969,107435.296875,0.4090014053685863,1.0,0.4106776180698152,0.7761806981519507,0.6193018480492813,0.9876796714579056,0.0,0.0,0.0,0.0,0.24095744680851064,0.0,ImmGranule1,0.7112612773973316
7,19.111476202517878,19.151953267659486,364.4300537109375,198007.578125,0.5198854421050686,1.0,0.5772946859903382,0.6570048309178744,1.1659420289855074,1.0,0.0,0.0,0.0,0.0,0.12702702702702703,0.0024096385542168672,ImmGranule2,0.7112612773973316
8,21.124027493794763,21.221949432022324,437.703369140625,58586.31640625,0.7283996471516783,1.0,0.41333333333333333,0.8266666666666667,0.4266666666666667,1.0,0.0,0.0,0.0,0.0,0.09879032258064516,0.0,Nbl1,0.7112612773973316
9,21.07528849880089,21.165547210800337,436.7015380859375,42127.29296875,0.6869238569321533,1.0,0.3253588516746411,0.8277511961722488,0.6157894736842106,1.0,0.0,0.0,0.0,0.0,0.17220708446866484,0.0,Nbl2,0.7112612773973316
10,19.92799681883591,20.048328146867235,381.8697814941406,115157.515625,0.7155506107595669,1.0,0.4519230769230769,0.5961538461538461,0.5913461538461539,0.9903846153846154,0.0,0.0,0.0,0.0,0.3284552845528455,0.022935779816513763,OPC,0.7112612773973316
11,19.401667787355155,19.454268051228794,374.9258117675781,136864.78125,0.6169666956657521,1.0,0.6322869955156951,0.5695067264573991,1.2896860986547087,0.9955156950672646,0.0,0.0,0.0,0.0,0.08106060606060606,0.0,RadialGlia,0.7112612773973316
12,20.268013657463914,20.3658355426765,407.63519287109375,195237.4375,0.8055495539985802,0.994444272971388,0.6555555555555556,0.8444444444444444,0.5877777777777778,0.9888888888888889,0.0,0.0,0.0,0.0,0.10432569974554708,0.0,RadialGlia2,0.7112612773973316
13,19.959276878294148,20.056986737262527,379.4980163574219,133889.5,0.6601398601398601,1.0,0.720164609053498,0.7325102880658436,0.780246913580247,0.9958847736625515,0.00823045267489712,0.0,0.000823045267489712,0.00411522633744856,0.23471615720524017,0.13296703296703297,nIPC,0.7112612773973316
14,19.878497684462417,19.94586238085549,389.5436096191406,233547.875,0.4603804797353185,1.0,0.4592274678111588,0.8111587982832618,0.5553648068669528,0.9785407725321889,0.0,0.002145922746781116,0.0,0.0,0.1616368286445013,0.0,CA,0.7112612773973316
15,18.645130572345984,18.697484961981356,343.8064270019531,390418.4375,0.610722674559454,1.0,0.6440677966101694,0.7457627118644068,0.9646892655367232,0.980225988700565,0.0,0.0,0.0,0.0,0.31017119838872104,0.0,CA1-Sub,0.7112612773973316
16,18.200121270800086,18.267710888538097,339.33465576171875,606938.625,0.6266926187559776,1.0,0.7063106796116505,0.6966019417475728,0.9160194174757281,0.9029126213592233,0.0,0.0,0.0,0.0,0.4975609756097561,1.0,CA2-3-4,0.7112612773973316
17,21.059707244237266,21.143638018323674,425.4770202636719,78175.3828125,0.6481905634448006,1.0,0.5208333333333334,0.8958333333333334,0.41666666666666674,0.9791666666666666,0.0,0.0,0.0,0.0,0.12820512820512822,0.0,GlialProg,0.7112612773973316
18,18.617016416980373,18.666003495549695,337.4117431640625,372294.21875,0.7245423849298027,1.0,0.8064516129032258,0.7870967741935484,1.0612903225806452,0.9161290322580645,0.0,0.0,0.0,0.0,0.10051546391752578,0.0,Granule,0.7112612773973316
19,19.207659156526066,19.27419673013558,369.21685791015625,255225.3125,0.7190899598877714,0.9972451581567603,0.6887052341597796,0.7465564738292011,0.5680440771349863,0.9504132231404959,0.44077134986225897,0.0,0.046280991735537194,0.008264462809917356,0.10632183908045978,0.323890462700661,ImmAstro,0.7112612773973316
20,20.05159416629548,20.096719015158097,399.15667724609375,107034.390625,0.3917302554379173,1.0,0.4024640657084189,0.7618069815195072,0.5837782340862424,0.9958932238193019,0.0,0.0,0.0,0.0,0.23929336188436828,0.0,ImmGranule1,0.7112612773973316
21,19.348004725820175,19.39148255388605,370.7649841308594,205040.078125,0.5595522876639891,1.0,0.5410628019323671,0.6956521739130435,1.1026570048309179,1.0,0.0,0.0,0.0,0.0,0.08602150537634408,0.0,ImmGranule2,0.7112612773973316
22,20.823455556233725,20.91555210421706,422.17254638671875,53410.42578125,0.7692307692307692,1.0,0.5066666666666667,0.84,0.512,0.9866666666666667,0.0,0.0,0.0,0.0,0.103515625,0.0,Nbl1,0.7112612773973316
23,21.255594034514353,21.341895064986833,444.4106750488281,41640.7265625,0.7462662635147517,1.0,0.3349282296650718,0.8181818181818182,0.384688995215311,0.9712918660287081,0.0,0.0,0.0,0.0,0.2859744990892532,0.0,Nbl2,0.7112612773973316
24,19.878505211610058,19.98338996293612,376.69036865234375,114452.375,0.6574292875044754,1.0,0.6057692307692307,0.5673076923076923,0.5663461538461538,0.9807692307692307,0.0,0.0,0.0,0.0,0.1617161716171617,0.014018691588785048,OPC,0.7112612773973316
25,19.490092760778868,19.553503535936557,378.1871337890625,137917.125,0.5810287547256272,1.0,0.6367713004484304,0.5829596412556054,1.2080717488789239,1.0,0.0,0.0,0.0,0.0,0.0932239965472594,0.0,RadialGlia,0.7112612773973316
26,20.232780371771927,20.34663560504133,400.29473876953125,180424.03125,0.6884343036978757,1.0,0.6444444444444445,0.8333333333333334,0.6022222222222222,0.9777777777777777,0.0,0.0,0.0,0.0,0.10945273631840796,0.0,RadialGlia2,0.7112612773973316
27,20.167094368012354,20.2573636351307,386.1671142578125,136186.96875,0.6029608900724425,1.0,0.6625514403292181,0.6872427983539094,0.9469135802469136,0.9958847736625515,0.0,0.0,0.0,0.0,0.1830357142857143,0.12228571428571429,nIPC,0.7112612773973316
28,20.076472351991058,20.14302145642622,395.5004577636719,242249.953125,0.4581503979471141,1.0,0.4678111587982833,0.7832618025751072,0.6278969957081545,0.9871244635193133,0.0,0.0,0.0,0.0,0.15854922279792744,0.0,CA,0.7112612773973316
29,18.76178135575547,18.819599219999468,349.9267272949219,398922.21875,0.6092007425040973,1.0,0.6412429378531074,0.7033898305084746,0.9375706214689266,0.963276836158192,0.0,0.0,0.0,0.0,0.23181818181818184,0.0,CA1-Sub,0.7112612773973316
30,18.21376617440898,18.28261236170193,338.8292236328125,602260.9375,0.6260324952346373,1.0,0.6674757281553398,0.6796116504854369,0.9563106796116506,0.8859223300970874,0.0,0.0,0.0,0.0,0.4969474969474969,1.0,CA2-3-4,0.7112612773973316
31,20.69346119960149,20.78970131411666,410.15277099609375,65599.1796875,0.7597649874877597,1.0,0.4375,0.8541666666666666,0.5375,1.0,0.0,0.0,0.0,0.0,0.12820512820512822,0.0,GlialProg,0.7112612773973316
32,18.67608635810114,18.733526709532917,344.8005676269531,352604.5,0.7187882367832581,1.0,0.864516129032258,0.7161290322580646,1.1903225806451612,0.9096774193548387,0.0,0.0,0.0,0.0,0.08333333333333334,0.0,Granule,0.7112612773973316
33,19.281781679999412,19.348915641513003,365.161865234375,256894.9375,0.6533333333333333,0.9972451581567603,0.7079889807162535,0.7988980716253443,0.5779614325068871,0.9669421487603306,0.39944903581267216,0.0,0.042148760330578516,0.005509641873278237,0.15948275862068967,0.3258215962441315,ImmAstro,0.7112612773973316
34,20.090690718539204,20.143424972249978,400.9994812011719,108306.0859375,0.4267735071755172,1.0,0.39014373716632444,0.7679671457905544,0.5250513347022587,0.9815195071868583,0.0,0.0,0.0,0.0,0.23929336188436828,0.0,ImmGranule1,0.7112612773973316
35,18.860115426750014,18.901510385582917,352.7237548828125,188679.90625,0.5691775013007926,1.0,0.5676328502415459,0.7125603864734299,1.0693236714975847,0.9975845410628019,0.0,0.0,0.0,0.0,0.0961467889908257,0.0,ImmGranule2,0.7112612773973316
36,21.552457097371423,21.70808781675982,453.23785400390625,61108.64453125,0.8181818181818181,1.0,0.44,0.84,0.4546666666666667,0.9466666666666667,0.0,0.0,0.0,0.0,0.11698537682789652,0.0,Nbl1,0.7112612773973316
37,21.377248453751704,21.477228153530458,448.0834655761719,44529.46484375,0.6578403254852265,1.0,0.33014354066985646,0.8181818181818182,0.5521531100478468,0.9952153110047847,0.0,0.0,0.0,0.0,0.20891364902506962,0.0,Nbl2,0.7112612773973316
38,19.99389391679031,20.090782230217968,381.010009765625,117075.2421875,0.6135895152054969,1.0,0.47115384615384615,0.6442307692307693,0.47788461538461546,0.9903846153846154,0.0,0.0,0.0,0.0,0.24000000000000002,0.018518518518518517,OPC,0.7112612773973316
39,19.25536724056364,19.310077763845396,369.8067932128906,133515.0,0.5970688616743626,1.0,0.6098654708520179,0.5829596412556054,1.224663677130045,1.0,0.004484304932735426,0.0,0.0004484304932735426,0.004484304932735426,0.0949529512403764,0.0017857142857142857,RadialGlia,0.7112612773973316
40,20.008114073011605,20.114940416909096,391.4658508300781,178884.96875,0.8050682261208577,0.994444272971388,0.6444444444444445,0.8222222222222222,0.9566666666666667,1.0,0.0,0.0,0.0,0.0,0.1372549019607843,0.0,RadialGlia2,0.7112612773973316
41,20.02509702674647,20.119271050059464,388.4207763671875,139769.078125,0.6436763550667713,1.0,0.6872427983539094,0.6995884773662552,0.8728395061728396,1.0,0.00411522633744856,0.0,0.000411522633744856,0.00411522633744856,0.18495575221238938,0.1625,nIPC,0.7112612773973316
